-34
-36
-29
-18
-24
-27
-20
-14
-19
-25
-11
-7
-24
-19
-29
-30
-25
-29
-24
-16
-13
-18
-12
-10
-19
-14
-2
-10
3
9
-6
-6
-1
-6
-8
2
7
1
8
5
7
17
3
5
5
2
9
10
5
6
9
17
23
20
22
35
27
19
26
26
26
23
23
23
20
17
24
22
19
22
21
30
27
25
34
32
42
35
43
48
45
52
53
60
63
71
71
71
65
57
59
60
58
55
57
57
63
56
51
56
56
56
56
59
67
68
70
72
68
59
57
59
49
47
42
41
33
41
37
26
34
31
24
31
37
40
45
48
39
44
42
35
30
28
37
43
37
39
42
39
42
42
42
48
44
46
35
32
34
27
34
32
32
36
27
33
37
40
33
32
37
24
17
19
25
16
13
16
3
9
6
2
5
9
11
11
7
15
20
14
3
-1
4
1
4
4
5
0
-5
-9
-12
-18
-15
-23
-21
-25
-27
-30
-32
-31
-30
-29
-34
-28
-26
-18
-22
-19
-23
-26
-23
-24
-37
-47
-53
-42
-34
-32
-37
-34
-37
-34
-25
-30
-31
-35
-33
-32
-35
-24
-31
-30
-26
-29
-23
-26
-24
-29
-20
-32
-26
-25
-26
-22
-33
-21
-18
-31
-32
-23
-23
-19
-28
-23
-22
-29
-34
-37
-32
-35
-37
-25
-17
-21
-15
-18
-22
-20
-11
-6
-7
-4
-1
0
-11
-13
-4
-5
-4
-3
-5
-7
-9
-8
-15
-10
-15
-12
-7
-7
-7
-17
-15
-19
-10
-3
-6
-12
-9
0
-2
-3
-13
-16
2
8
-3
-11
-7
-5
-13
-13
-18
-8
-15
-19
-11
-24
-18
-11
-14
-3
-6
-1
13
20
12
11
23
60
175
181
281
308
176
217
275
322
486
555
593
623
699
688
729
826
896
1026
1009
1184
1171
1054
1081
1256
1428
1380
1271
1313
1503
1308
1025
1183
1326
1114
891
696
385
-14
-188
-379
-280
-200
-600
-1274
-1829
-1665
-1582
-2091
-2535
-3285
-2360
1043
2402
-991
-3755
-2832
-1240
23
1211
1479
1376
466
496
1671
1792
497
-224
1414
3132
4331
2775
563
-353
1281
2735
2708
2182
2069
2419
1699
734
-333
375
2470
1909
-1089
-2309
-579
166
-491
-1383
-1974
-2763
-3522
-3773
-3757
-3988
-3540
-4395
-4848
-4418
-4647
-5575
-7103
-6863
-6321
-5882
-6257
-6617
-7063
-7921
-7968
-8237
-7182
-3990
-1371
-133
-773
-2408
-4033
-3824
-2464
1247
4755
6867
6080
5126
3981
4799
5796
5382
4545
5497
7662
8501
8278
5903
3958
2930
4217
4396
3497
1301
146
-649
99
1130
1337
-211
-2220
-4474
-5851
-5664
-4312
-3060
-2196
-2243
-3118
-4173
-4579
-4025
-3165
-2594
-1828
-783
467
1446
1877
1907
2005
2962
3910
4698
5020
5290
5514
5739
6257
7307
7790
7336
6023
4334
3333
3666
4589
4916
4423
3218
1862
329
-906
-1496
-1649
-1808
-2097
-2656
-3013
-3008
-3067
-3550
-3865
-4568
-4764
-4051
-2980
-1920
-1388
-1097
-341
493
746
404
903
695
778
3359
5625
5474
4040
3784
3069
2338
3112
5374
6510
5741
4076
3866
3274
2042
1354
2304
2251
1160
940
632
-427
-2365
-2473
-3171
-3836
-4114
-4295
-5092
-6314
-7005
-6641
-5823
-6008
-7426
-7420
-7124
-8293
-8817
-7495
-5271
-5474
-6821
-7656
-7520
-6797
-6490
-6595
-5534
-5683
-6571
-7416
-7450
-7103
-1148
6482
5431
822
-3347
-6310
-4381
1579
6991
10222
8052
5685
5220
8163
6671
3238
1384
2771
8194
11409
10217
4799
1477
1534
3338
3922
3090
787
-1192
-2146
-1327
-1052
495
1737
422
-2853
-5780
-8023
-8105
-4304
-342
1581
305
-2487
-4093
-4070
-2986
-1671
-1013
52
1395
2597
2964
3058
2554
2935
3517
4383
4582
4527
4093
3958
4666
5228
6111
6928
6035
3507
1083
-206
-215
1116
3027
3625
2788
242
-2556
-4528
-4445
-3217
-2546
-2456
-3258
-3831
-3670
-3214
-3242
-3730
-3843
-3408
-1663
579
1625
1855
1414
2890
5351
6412
6306
6018
6222
7194
8757
10768
11450
10849
9510
8151
7570
7609
7948
7278
6615
6617
6329
4129
1665
587
319
-407
-1768
-3062
-3376
-3127
-3891
-5316
-7041
-8135
-8120
-8308
-9017
-8904
-8176
-7934
-8224
-7928
-7202
-7312
-8394
-8858
-7588
-6164
-4885
-4608
-4661
-3286
-3466
-3440
-2753
-2873
-2227
778
2409
164
-2216
-2143
-1901
-3264
-3668
-1881
-1705
-4811
-5626
-3494
1177
-365
-4508
-5772
-6647
-6168
-5241
-3413
-2309
-1293
-686
-149
-210
-24
-987
-1720
-1701
784
3729
6075
6170
4415
4102
4559
4823
3973
3933
5357
6213
5319
5255
5834
6355
5711
4187
2938
1889
197
-75
914
2028
2607
1948
489
-916
-2331
-3307
-3536
-3317
-2176
-1589
-1217
-977
-1133
-1828
-2001
-2090
-2120
-2061
-1219
32
1260
2011
2324
2346
2456
2589
2028
1680
1764
2544
3779
4542
4894
4876
4107
2926
1758
1044
1013
1149
1452
2121
2470
1926
1533
1137
879
1322
984
833
1748
2582
2823
3812
5252
5508
4364
4198
4110
4580
5615
6128
6467
6470
6725
6731
5640
3754
3329
4136
4190
3575
3554
3979
3005
648
-349
-61
70
-978
-2398
-2982
-2556
-2577
-3888
-5356
-6043
-6231
-6673
-7580
-8231
-8033
-7368
-7723
-9326
-8978
-8359
-8306
-9118
-9927
-9464
-7504
-7528
-7852
-7588
-6212
-6395
-8512
-9218
-7273
-5178
-6329
-6624
-6699
-7189
-7659
-8204
-8315
-5131
3299
8748
1984
-4298
-7048
-6703
-2779
1844
7336
11362
7983
3146
1698
5098
6018
4173
2294
1275
5757
9390
9276
3957
1112
1918
2390
2255
2577
1852
855
-892
-1591
-1210
1366
4305
2386
-1576
-3786
-4350
-5386
-3064
234
3309
3961
2058
-651
-2374
-2831
-624
1761
3158
3516
2864
2288
2432
3483
4819
5481
4073
2720
1879
1507
2794
4638
4708
4455
4306
3805
1745
-75
-650
-1280
-1121
484
1605
1892
1695
-41
-2786
-4759
-4501
-3060
-1269
-232
213
-308
-865
-751
-177
906
4879
5700
2865
2478
3756
5312
7998
10249
11712
9628
6927
5718
6740
9898
9051
8519
8479
6923
6678
6896
4749
1873
779
1672
1712
2091
1881
687
-1711
-4084
-4896
-4340
-2677
-2237
-3962
-5835
-5435
-5472
-5807
-5892
-5749
-5867
-6326
-6362
-6643
-7122
-5989
-4436
-4357
-4947
-5806
-6535
-5774
-4694
-5604
-5373
-3851
-3918
-5996
-6280
-5367
-5616
-7507
-7862
-7230
-8032
-9184
-8890
-9917
-11557
-13049
-13509
-13223
-13823
-13076
-4464
2774
-1315
-7401
-10241
-11103
-8734
-2258
6039
10113
8727
6305
3758
7313
10291
10480
8541
7016
8962
13722
17037
16054
11968
7377
6358
7819
8513
8520
7636
3872
890
-753
1296
4940
4016
-1367
-4924
-7489
-9095
-7766
-5698
-3437
-2582
-2707
-3734
-5862
-7697
-7047
-6087
-3539
-1
1523
1284
1611
2084
3064
4869
6079
6038
5254
5160
6614
8265
9663
10674
9937
8891
7139
5566
5068
4267
3301
3652
3626
3189
2689
1418
-787
-3818
-6137
-7041
-6366
-4919
-2825
-2112
-2781
-3235
-2461
-3374
-4300
-1698
1095
1473
2216
4492
7258
9305
9564
8687
8064
7945
7373
9572
12215
12258
12156
12356
10352
7528
6195
6327
5835
4784
3833
3696
3816
2169
-657
-2825
-3293
-4227
-6175
-7010
-6815
-6988
-7631
-8177
-9059
-10269
-11023
-11155
-10956
-10703
-10181
-9664
-9163
-8369
-7519
-6523
-6126
-6810
-7000
-6702
-6185
-5462
-3612
-2668
-3673
-3841
-2756
-4356
-5639
-5841
-6506
-8036
-8087
-7599
-8647
-9584
-11830
-14011
-15993
-14407
-3401
3740
922
-4041
-10775
-15052
-12923
-6432
5267
13443
12389
5499
-151
2872
6207
8772
8892
6482
7595
12890
15745
15001
11697
7763
3758
4409
6752
9681
11710
7920
2095
-2568
-938
5192
6564
2499
-381
-4365
-7377
-7295
-6231
-2965
288
920
-563
-2746
-5766
-7156
-7269
-4833
-366
2808
3985
3208
1324
1130
2732
3713
4995
5240
3580
4650
6313
7866
9332
9087
7742
4719
2637
3420
4005
3520
3865
2264
1098
1291
1188
714
-1000
-3728
-5730
-5766
-4449
-1086
1228
2023
1404
-1135
-3152
-2513
4
3478
4865
5045
5677
6635
8012
8720
8742
8306
6824
6391
7913
9585
11048
10848
8699
6373
5751
5691
5386
4627
3363
2100
1511
1335
938
-155
-1543
-2466
-3860
-5530
-6144
-6103
-5902
-6048
-6784
-7054
-7295
-8316
-9215
-8873
-8098
-7803
-8044
-7945
-7565
-7094
-6545
-5958
-5724
-5949
-7050
-7387
-6723
-6026
-5379
-4355
-4925
-6500
-6605
-6909
-8484
-8783
-8732
-9925
-9528
-10185
-11133
-12411
-13128
-15929
-19226
-19950
-10616
2061
5514
1701
-5594
-12545
-16039
-12801
-3263
10838
16568
14685
8115
6929
8859
9399
9845
7234
4819
9525
17630
21699
20644
14060
6547
2006
2663
5334
10453
11561
7798
1535
-2553
278
3940
2183
-761
-3046
-5982
-6744
-7589
-7157
-4838
-3065
-2074
-648
-1268
-2998
-5535
-7203
-5895
-2529
1670
5193
5986
5471
6014
5757
5690
5373
3721
3164
5779
8490
11630
12992
12031
8428
3049
737
1758
2998
4313
4459
2176
440
-808
-937
-247
-1368
-4614
-7070
-6618
-4591
-1861
424
1314
339
-1321
-2048
-952
1532
3544
3698
3674
5475
7920
10264
11233
9657
7657
6802
7295
8614
9548
10536
10580
9390
8128
7073
6070
4963
3327
1211
621
1454
2046
1292
-694
-2905
-4226
-5425
-6513
-6940
-7237
-7503
-7771
-7719
-7490
-7908
-8618
-9226
-10201
-10197
-9184
-7932
-6187
-5857
-7199
-6779
-5225
-5343
-6016
-5710
-4930
-5668
-5485
-4448
-4556
-5078
-5287
-6832
-7540
-8144
-8422
-7995
-8651
-9759
-11811
-12255
-12143
-14019
-16526
-17526
-19617
-15016
-3847
2347
2480
-543
-6298
-13162
-13500
-7574
3110
11722
14540
12537
12018
13664
12977
11050
7467
3878
4813
11143
19007
24146
21359
14472
6433
955
499
4305
7009
8289
6760
2057
580
2043
250
-2381
-3916
-6360
-6777
-6479
-5498
-4454
-4428
-4788
-4351
-3396
-1997
-1576
-2852
-2627
-1761
-1282
524
2919
4534
6867
8478
9160
8926
7210
4643
3243
3791
6982
10165
12660
12963
8852
4146
1662
325
62
1061
1129
1073
891
434
-136
-1109
-3016
-5742
-7272
-6124
-3006
-634
1427
2459
957
-786
-831
489
2868
4494
5040
5778
7077
8602
8823
9040
9048
7946
7879
8890
8748
8875
8446
7529
6535
6161
6234
5688
4677
2876
927
6
130
-418
-2108
-3182
-3555
-3896
-3859
-4346
-5728
-7298
-8798
-9515
-8965
-8190
-7551
-7210
-7318
-7756
-8571
-8856
-8301
-7699
-7684
-7378
-6058
-5020
-4509
-4443
-4605
-5295
-6603
-7640
-7289
-6631
-6246
-5801
-5611
-5974
-7814
-9799
-10173
-10386
-11836
-12762
-12605
-13409
-15157
-16364
-18312
-18454
-11975
-3895
1211
3615
1432
-4060
-8093
-9512
-7210
68
6793
10856
13483
16669
18573
18063
14909
8369
1881
492
4713
13270
20048
21647
18653
11945
6115
3190
1615
1661
3061
1945
471
1439
2923
3084
2009
-2049
-6236
-7902
-8070
-6399
-4316
-2971
-2811
-3263
-3208
-2307
-1804
-989
309
903
1162
1752
2160
3187
4833
6132
7488
8766
9200
8263
7296
6911
6749
6896
7782
7266
5668
4465
3943
3820
3902
3277
1660
-254
-1923
-2731
-2643
-1492
-854
-1776
-2788
-2694
-1904
-368
940
1078
452
-15
-68
1059
3547
5397
6042
6624
7046
7376
7949
8176
8045
7455
7342
7707
8139
8707
8877
7927
6546
5418
4081
3098
2786
2311
1509
661
-388
-1473
-2477
-3498
-4810
-5680
-5798
-5767
-5914
-6267
-6925
-7958
-8752
-8933
-8673
-7963
-7336
-7397
-7630
-7400
-7159
-6919
-6288
-6316
-7341
-7840
-6955
-5704
-4804
-4636
-5231
-6488
-7769
-8247
-7705
-7724
-8116
-8605
-9394
-9539
-10063
-9853
-9999
-11120
-13388
-15047
-15941
-17231
-16571
-13063
-8655
-5127
-2304
172
1029
342
-222
-430
961
1555
2299
4416
9140
13207
16363
18310
17176
14323
11751
10151
10413
11345
10600
10320
9148
8213
8185
8016
7816
8172
5892
3032
1771
882
270
-660
-3287
-4849
-5642
-6403
-5526
-4287
-2578
-1804
-1858
-2031
-2151
-2706
-2737
-2254
-1714
-1035
-74
1293
3222
4973
6155
7092
7745
7964
7581
7196
7236
7342
7145
6916
6057
5003
4388
4121
4583
5082
4943
4197
3304
2077
617
-618
-1213
-1660
-2446
-2869
-2322
-1104
-17
626
758
619
446
389
615
1422
1914
2114
2788
3540
3991
4466
4955
5695
6539
6763
6800
6783
6582
6181
5370
4500
3756
2883
2161
1659
1320
1090
794
200
-728
-1697
-2573
-3480
-4489
-5262
-6061
-6560
-6566
-6507
-6595
-6935
-7200
-7074
-6938
-7301
-7791
-7967
-7582
-7060
-6809
-6273
-5526
-5228
-5332
-5236
-4970
-4685
-4541
-4388
-4060
-3719
-3725
-3681
-3635
-3909
-4481
-5097
-4987
-5040
-5733
-6035
-5831
-6404
-7211
-7907
-8649
-8883
-8841
-9088
-8715
-7920
-6711
-4760
-3946
-2941
-1588
-1169
-435
98
-501
445
1585
2192
4275
5210
4871
5620
5692
5360
5864
5193
6307
7914
7237
7146
7343
6521
7352
7049
5485
5495
5144
5064
5528
4645
3711
3335
2207
1565
793
97
87
-233
-398
-149
-754
-906
-406
-71
81
-450
-764
-320
112
732
1340
1434
2013
2452
2557
2964
3147
3408
4068
4298
4274
4268
4235
4311
4257
4110
4007
3923
4034
4093
3680
3049
2503
2272
2027
1467
1255
1391
1631
1820
1591
1109
745
482
704
1251
1548
1627
1781
2038
2288
2323
2365
2621
2895
3136
3315
3555
3910
4184
4108
3931
3567
3340
3236
3187
3242
3071
2722
2376
2100
2038
1801
1223
697
72
-636
-1130
-1431
-1642
-1784
-2334
-3087
-3777
-4443
-4741
-4782
-5041
-5378
-5679
-5897
-5626
-5406
-5478
-5593
-5807
-5822
-5540
-5339
-5080
-4783
-4991
-5278
-5162
-5354
-5652
-5533
-5794
-6128
-6193
-6653
-6806
-6836
-7790
-8336
-8583
-9505
-10025
-10502
-10997
-9863
-9099
-8902
-7488
-6894
-6878
-6276
-7016
-7274
-5795
-5455
-4552
-2539
-1699
-1182
-673
-748
-13
391
85
1358
3220
4303
5343
5882
6216
7140
6924
6426
7056
8140
9151
9743
9884
9877
9217
8607
8146
7552
7266
6758
6357
6557
6442
5837
5096
4491
4397
4039
3501
3472
3667
3629
3580
3335
2950
2651
2279
1882
1934
2156
2157
2264
2396
2079
1381
946
784
758
1002
1271
1679
2296
2608
2710
2461
1931
1592
1235
956
1289
1489
1406
1544
1476
1017
515
-7
-304
-182
-59
277
775
909
816
609
452
562
780
1076
1495
1731
1818
2034
2224
2079
1795
1484
1163
1295
1705
2086
2191
1806
1323
1056
971
1257
1588
1530
1417
1077
724
645
333
-156
-602
-1255
-1803
-2078
-2240
-2330
-2660
-3399
-4434
-5256
-5526
-5539
-5521
-5502
-5567
-5676
-5936
-6135
-6130
-6298
-6625
-6701
-6552
-6301
-6301
-6569
-6656
-6739
-7400
-8034
-8301
-8386
-8431
-8718
-8966
-9266
-9951
-10018
-8948
-8231
-7471
-6534
-5976
-5519
-5425
-6052
-5690
-4642
-4274
-3339
-2284
-1992
-1752
-1458
-1520
-894
-609
-493
708
2008
2829
3556
3600
3895
4747
5087
5441
6129
7335
8387
8770
8960
8710
8030
7828
7585
7690
8052
7529
7340
7606
7122
6381
5636
4983
4924
4717
4378
4568
4756
4832
4764
4314
3714
3197
2778
2460
2147
2042
2109
2133
2212
1698
741
47
-386
-400
136
258
341
672
836
1145
1334
1044
1018
1113
1033
1325
1525
1582
1753
1672
1242
950
741
718
852
916
792
629
580
742
917
822
796
1042
1527
1826
1930
1999
1923
1870
1999
2041
2025
1871
1603
1732
1911
1742
1611
1468
1202
1095
992
936
1096
1326
1397
1185
845
653
514
344
107
-262
-590
-937
-1107
-1203
-1731
-2497
-3209
-3919
-4285
-4476
-4748
-4678
-4659
-4971
-5251
-5575
-5965
-6144
-6236
-6412
-6368
-6373
-6549
-6587
-6619
-6742
-7247
-7935
-8258
-8316
-8554
-8859
-9174
-9459
-9843
-10250
-9606
-8439
-7710
-6930
-6107
-5782
-5524
-5840
-5976
-4746
-4020
-3691
-2575
-1716
-1469
-1179
-1642
-1497
-929
-827
141
1522
2393
3226
3364
3311
3981
4027
4485
5282
6002
7436
8294
8442
8879
8353
7532
7350
7028
7348
7580
7154
7230
7279
6604
5849
5096
4761
4673
4285
4236
4635
4733
4657
4622
4388
3950
3419
2858
2580
2598
2571
2456
2429
2183
1644
969
240
-177
-316
-321
-261
-138
-152
-92
-26
132
284
284
322
831
1314
1527
1692
1630
1523
1385
1154
1118
1363
1324
1288
1349
1084
649
474
365
560
915
1245
1709
1885
1973
2245
2284
2358
2601
2630
2992
3125
2984
3183
3039
2691
2624
2307
1976
1822
1568
1649
1778
1640
1481
1190
916
787
693
464
168
-40
-369
-602
-673
-951
-1405
-2080
-2832
-3251
-3612
-4017
-4283
-4687
-5021
-5342
-5762
-5998
-6188
-6369
-6516
-6766
-6952
-6968
-6968
-7101
-7263
-7448
-7618
-7804
-8001
-8096
-8213
-8617
-9158
-9435
-9651
-10052
-10070
-9089
-8156
-7538
-6785
-6273
-6009
-5971
-6448
-6131
-4838
-4202
-3484
-2320
-1679
-1632
-1921
-2244
-1718
-1241
-759
342
1290
2232
3050
2966
3234
3810
3580
4347
5385
6345
7955
8631
8504
8760
8096
7387
7478
7542
7949
7942
7618
7783
7550
6693
6048
5330
4867
4663
4534
4814
5230
5093
4747
4551
4334
3793
3352
3188
3032
3183
3343
3112
2759
2251
1459
814
253
2
49
127
158
43
-306
-421
-469
-531
-393
-135
299
928
1493
1700
1726
1527
1115
914
1131
1396
1619
1748
1582
1290
883
516
420
304
382
755
1051
1367
1633
1601
1655
1654
1432
1777
2382
2652
3060
3232
3081
3007
2622
2284
2248
1987
1798
1698
1452
1458
1320
986
826
512
223
235
80
-181
-337
-662
-905
-1076
-1486
-1936
-2218
-2396
-2522
-2742
-3137
-3474
-3956
-4424
-4735
-4996
-5109
-5337
-5629
-5750
-5910
-6086
-6157
-6279
-6491
-6647
-6935
-7107
-7181
-7401
-7528
-7831
-8220
-8482
-8621
-8724
-8825
-9378
-9577
-8734
-7959
-7229
-6343
-5915
-5819
-5866
-6355
-6042
-4781
-4056
-3331
-2363
-1840
-1561
-1670
-1939
-1616
-1544
-1333
-286
658
1702
2825
2910
3058
3421
3190
3961
5229
5916
6767
7473
7818
8274
8121
7569
7362
7220
7288
7266
7155
7399
7346
6667
6029
5479
4902
4469
4182
4173
4482
4596
4400
4272
4183
3787
3432
3366
3295
3325
3483
3500
3248
2753
2177
1684
1130
673
381
184
159
159
-51
-352
-684
-1028
-1201
-977
-513
-32
451
629
756
1056
983
783
973
1087
1128
1410
1589
1723
1604
1158
842
489
274
590
958
1262
1641
1642
1654
1839
1647
1684
2078
2221
2586
3073
3201
3321
3128
2713
2545
2325
2181
2118
1826
1653
1492
1108
878
478
-83
-251
-415
-626
-740
-1080
-1491
-1654
-1816
-1997
-2142
-2357
-2591
-2831
-3137
-3364
-3551
-3725
-3896
-4152
-4444
-4663
-4932
-5214
-5351
-5619
-5906
-6122
-6313
-6585
-6773
-7010
-7387
-7795
-8113
-8355
-8547
-8780
-9135
-9511
-9870
-10116
-9657
-8887
-8250
-7513
-7019
-6686
-6419
-6391
-6390
-5545
-4733
-4120
-3078
-2203
-1847
-1705
-1857
-1966
-1649
-1348
-527
476
1168
1987
2392
2411
2869
2905
3282
4541
5224
5865
6855
7257
7599
7882
7512
7452
7543
7513
7590
7487
7485
7424
6791
6195
5769
5231
4917
4651
4391
4453
4505
4315
4128
3962
3694
3455
3506
3562
3560
3746
3868
3727
3483
3154
2885
2550
2083
1673
1370
1133
919
506
106
-227
-649
-993
-1172
-1289
-1154
-842
-689
-415
-91
59
43
61
148
481
982
1293
1498
1615
1569
1396
1180
1025
1041
1179
1384
1669
1787
1808
1747
1583
1502
1570
1751
2094
2467
2714
2854
2803
2608
2396
2296
2297
2345
2275
2054
1777
1531
1283
1039
669
212
-154
-558
-816
-940
-1133
-1353
-1611
-1962
-2136
-2252
-2435
-2527
-2641
-2832
-2997
-3120
-3195
-3258
-3429
-3628
-3863
-4170
-4408
-4584
-4781
-4975
-5277
-5690
-6179
-6596
-6929
-7116
-7342
-7625
-7800
-8118
-8529
-8838
-9109
-9352
-9558
-9578
-8985
-8296
-7578
-6704
-6089
-5904
-5794
-5903
-5473
-4420
-3711
-2955
-2163
-1734
-1410
-1052
-987
-778
-796
-652
27
662
1382
2220
2444
2534
2542
2418
3082
3954
4579
5377
6011
6329
6705
6671
6612
6718
6644
6640
6608
6633
6918
6873
6487
6199
5710
5195
4909
4663
4599
4562
4431
4346
4230
4056
3920
3750
3549
3358
3289
3517
3757
3756
3648
3410
3005
2550
2087
1717
1427
1212
1062
893
647
195
-392
-1002
-1441
-1664
-1643
-1375
-1110
-955
-744
-524
-369
-248
-173
-8
425
769
1123
1548
1718
1625
1461
1286
1261
1355
1427
1620
1644
1540
1479
1301
1110
1033
948
1057
1278
1441
1709
1849
1747
1609
1400
1214
1233
1322
1445
1519
1429
1238
908
498
133
-235
-553
-683
-798
-956
-1098
-1332
-1633
-1914
-2213
-2416
-2495
-2530
-2525
-2553
-2614
-2710
-2832
-3035
-3240
-3524
-3798
-3906
-4047
-4241
-4466
-4748
-5037
-5319
-5655
-5940
-6173
-6411
-6575
-6705
-6909
-7080
-7305
-7532
-7802
-7995
-7998
-7566
-7084
-6640
-6010
-5536
-5085
-4782
-4704
-4623
-4072
-3578
-3065
-2420
-1849
-1429
-1092
-994
-980
-996
-1051
-808
-464
-107
381
827
1006
1161
1106
1327
1794
2209
2634
3291
3924
4461
4836
4930
4991
4992
5023
5222
5537
5959
6297
6323
6259
6062
5672
5282
5011
4774
4765
4894
5015
5043
4809
4445
4094
3743
3504
3427
3504
3649
3690
3623
3536
3337
2969
2555
2201
1929
1741
1693
1665
1528
1273
823
271
-210
-566
-786
-807
-742
-606
-408
-218
-103
-91
-102
-45
71
289
575
938
1262
1433
1470
1436
1340
1177
1044
948
937
888
823
709
531
371
272
150
95
70
30
73
201
336
496
605
622
607
590
608
712
821
890
851
727
587
426
241
56
-88
-203
-286
-397
-545
-687
-835
-1017
-1267
-1490
-1625
-1667
-1737
-1869
-2034
-2200
-2414
-2633
-2793
-2991
-3156
-3344
-3504
-3638
-3748
-3907
-4078
-4207
-4294
-4426
-4530
-4575
-4684
-4767
-4827
-4943
-5079
-5148
-5194
-5269
-5435
-5463
-5201
-4902
-4515
-4281
-4117
-3953
-3854
-3861
-3610
-3261
-3103
-2749
-2457
-2196
-1920
-1820
-1869
-1858
-1924
-1830
-1607
-1419
-1118
-674
-492
-181
58
171
496
758
995
1374
1913
2390
2977
3334
3642
3991
4196
4375
4550
4688
4949
5142
5264
5366
5398
5284
5172
4987
4826
4750
4646
4569
4437
4280
4160
3974
3762
3603
3480
3359
3289
3150
3069
3109
3031
2929
2784
2603
2433
2320
2177
2068
1923
1722
1534
1334
1127
982
778
556
342
245
214
198
162
84
28
-41
-69
-26
38
88
95
113
92
46
-5
-100
-128
-144
-136
-135
-173
-223
-245
-217
-163
-54
7
69
155
233
378
520
685
796
878
946
1022
1151
1288
1381
1387
1357
1288
1197
1097
923
743
601
512
436
354
169
-85
-360
-611
-894
-1099
-1242
-1319
-1382
-1509
-1664
-1900
-2110
-2247
-2308
-2404
-2459
-2447
-2402
-2374
-2375
-2436
-2530
-2634
-2717
-2729
-2694
-2731
-2790
-2774
-2792
-2875
-3015
-3214
-3449
-3699
-3900
-4012
-4084
-4254
-4435
-4512
-4589
-4521
-4445
-4369
-4320
-4344
-4376
-4247
-3974
-3816
-3619
-3456
-3254
-2997
-2748
-2546
-2326
-2146
-1985
-1730
-1439
-1151
-838
-635
-414
-139
86
411
705
1035
1298
1619
1866
2107
2335
2523
2738
2910
3048
3165
3325
3501
3592
3609
3574
3521
3436
3366
3341
3310
3317
3293
3313
3287
3270
3283
3258
3179
3116
3080
3084
3169
3230
3235
3260
3240
3182
3087
3011
2921
2820
2726
2575
2463
2301
2088
1866
1610
1388
1137
880
658
461
257
39
-125
-290
-391
-430
-506
-582
-636
-659
-627
-565
-514
-414
-263
-182
-113
-46
52
141
268
375
465
557
629
703
775
860
955
1059
1147
1214
1278
1306
1267
1235
1178
1152
1162
1197
1210
1125
1000
808
641
515
463
349
217
44
-97
-191
-276
-399
-523
-634
-739
-798
-796
-749
-756
-773
-824
-860
-868
-801
-786
-806
-871
-905
-896
-891
-969
-1101
-1270
-1446
-1607
-1739
-1846
-2001
-2170
-2379
-2585
-2763
-2938
-3120
-3384
-3646
-3854
-3995
-4111
-4247
-4359
-4470
-4557
-4586
-4564
-4504
-4398
-4280
-4161
-4033
-3915
-3750
-3545
-3334
-3118
-2875
-2628
-2398
-2158
-1949
-1744
-1579
-1454
-1309
-1092
-853
-611
-405
-264
-135
-6
143
293
449
596
759
908
1044
1179
1336
1494
1621
1771
1923
2087
2248
2376
2492
2582
2674
2785
2905
3016
3093
3165
3198
3210
3228
3228
3229
3240
3232
3221
3216
3208
3155
3084
2996
2877
2802
2737
2656
2532
2392
2248
2099
1957
1820
1662
1466
1305
1190
1095
1022
908
759
624
515
454
408
373
368
415
441
465
490
477
449
434
459
511
598
685
800
886
933
966
972
948
907
872
855
885
898
920
908
846
795
752
700
689
665
600
559
548
573
598
592
560
527
503
501
510
542
550
495
447
450
466
455
410
358
304
226
169
114
47
-12
-106
-215
-323
-436
-541
-666
-788
-925
-1072
-1196
-1327
-1455
-1610
-1770
-1922
-2059
-2170
-2280
-2389
-2511
-2678
-2855
-2973
-3056
-3141
-3238
-3351
-3473
-3604
-3746
-3852
-3946
-4022
-4071
-4092
-4051
-3947
-3857
-3773
-3712
-3706
-3661
-3562
-3385
-3182
-2988
-2784
-2568
-2397
-2228
-2062
-1904
-1787
-1683
-1513
-1318
-1114
-964
-817
-651
-521
-385
-220
-54
112
274
454
644
833
1022
1208
1350
1487
1629
1775
1917
2034
2145
2250
2362
2474
2561
2609
2618
2602
2581
2604
2662
2726
2711
2648
2604
2571
2541
2486
2404
2322
2253
2210
2177
2155
2125
2063
1996
1915
1864
1818
1791
1754
1726
1712
1696
1662
1581
1494
1402
1305
1199
1111
1051
990
917
839
744
653
591
544
520
481
451
458
475
497
483
459
455
477
517
559
603
622
618
624
640
655
677
690
714
755
797
841
882
907
904
920
936
960
1006
1039
1077
1104
1108
1071
1036
1007
1008
978
921
843
753
678
575
483
376
263
134
27
-35
-105
-196
-323
-447
-564
-650
-720
-803
-902
-981
-1029
-1084
-1168
-1271
-1378
-1502
-1614
-1698
-1780
-1891
-2034
-2185
-2327
-2471
-2610
-2759
-2927
-3102
-3257
-3415
-3581
-3745
-3911
-4049
-4162
-4254
-4324
-4331
-4270
-4182
-4048
-3920
-3819
-3755
-3695
-3581
-3382
-3153
-2907
-2628
-2391
-2173
-1978
-1812
-1671
-1541
-1371
-1163
-934
-673
-422
-242
-128
-32
34
178
301
453
605
833
945
1261
1853
1972
2137
2303
2409
2469
2499
2596
2776
2761
2703
2731
2691
2648
2709
2778
2791
2850
2878
2776
2674
2590
2548
2490
2378
2313
2259
2176
2099
2055
1987
1893
1766
1654
1613
1480
1322
1243
1111
939
753
682
580
448
386
374
371
335
350
371
351
357
453
523
560
597
712
838
892
947
1075
1154
1099
1094
1078
1065
1056
1063
1108
1149
1120
1206
1247
1185
1208
1305
1955
2131
2424
2856
2856
2633
2537
2325
2096
1883
1915
1919
2329
4165
4399
4164
4141
3654
3011
2249
1481
856
504
-32
-615
-1071
-1507
-1881
-2181
-2396
-2597
-2727
-2822
-2980
-3169
-3391
-3471
-3684
-3863
-3848
-3987
-4139
-4344
-4464
-4599
-4901
-5204
-5579
-6011
-6457
-6838
-7199
-7665
-7950
-8168
-8489
-8954
-9195
-9476
-9909
-10352
-10506
-9890
-10163
-9906
-8644
-8352
-7660
-5956
-5018
-3496
-2104
-1125
1047
2657
4017
6602
8104
8736
10320
10961
11611
12392
12502
12889
12875
12153
11942
11729
10643
9824
8579
7543
6475
5555
5083
4413
3592
2742
2099
1446
780
331
2
-729
-1316
-1659
-2241
-2735
-3549
-4468
-5139
-6168
-6942
-7245
-7945
-8519
-8613
-9045
-9040
-9071
-8854
-8001
-7503
-6556
-4999
-3768
-2330
-732
642
2117
3375
4421
5914
6807
7425
8354
8860
9047
9124
8936
8574
7899
7091
6697
6172
5371
4923
4472
3960
3584
3499
3441
3376
3381
3455
3845
4222
4388
4657
4830
4621
4438
4277
3973
3625
2970
2287
1750
772
-38
-518
-1373
-2078
-2401
-2694
-2732
-2709
-2497
-2079
-1827
-1506
-869
-293
223
764
1248
1589
1746
1834
1798
1520
1021
407
-243
-1010
-1991
-2859
-3775
-4954
-5951
-6756
-7492
-8064
-8536
-8760
-8925
-9074
-8928
-8756
-8640
-8362
-8094
-7841
-7484
-7290
-7003
-6809
-7152
-7278
-7406
-8111
-8662
-9288
-10206
-10916
-11833
-11661
-11013
-11354
-10168
-8616
-8165
-6132
-3862
-1810
989
2820
5204
8393
10202
12715
15637
16401
17374
18179
18237
18286
17707
16876
15814
14012
12212
10860
9124
7282
5231
3622
2292
903
397
-138
-614
-1016
-1473
-1659
-1734
-2216
-2143
-2326
-3112
-3420
-4052
-4793
-5626
-6913
-7944
-9166
-10628
-11235
-11664
-12140
-11969
-11715
-11084
-10122
-8988
-7110
-5306
-3520
-1014
1447
3859
6301
8266
10288
11730
12514
13688
14229
13914
13817
13244
12335
11369
9920
8472
6850
4951
3582
2542
1362
472
-170
-764
-1138
-1247
-1134
-916
-707
-717
-383
223
366
648
969
758
640
554
395
537
328
122
231
-62
-13
431
539
886
1423
1742
2524
3376
4017
4864
5495
5903
6325
6598
6866
7012
6637
6318
5812
4825
3911
2785
1486
169
-1217
-2502
-3767
-5111
-6281
-7412
-8507
-9419
-10173
-10764
-11280
-11426
-11376
-11301
-10982
-10584
-10242
-9680
-9215
-8770
-7985
-7470
-7001
-6359
-5945
-5724
-5483
-5340
-5495
-5612
-5784
-6111
-6457
-6883
-7651
-8191
-9045
-9801
-8720
-8386
-8213
-5792
-4706
-3962
-1153
576
2801
5393
6389
8864
11270
12049
14655
16197
15601
15939
15578
14682
13940
12782
11452
9956
8086
6563
5531
4192
2641
1156
546
-377
-621
-284
-305
-135
-254
-739
-645
-935
-1841
-1824
-2871
-4016
-4700
-5866
-6773
-7849
-9261
-10172
-11146
-12099
-11777
-11355
-10806
-9669
-8288
-6653
-4845
-2530
-219
1790
3944
6276
8393
10444
11860
12929
13693
13459
13138
12987
11982
10770
9805
8380
7242
6037
4464
3224
1975
665
-3
-323
-659
-750
-819
-863
-843
-947
-997
-1072
-1403
-1746
-1816
-1754
-1879
-2202
-2269
-2537
-2795
-2544
-2084
-1344
-588
98
1188
2377
3519
4729
5752
6820
7529
8244
9305
9727
9889
9756
9258
8738
7644
6705
5915
4392
3089
2110
714
-458
-1647
-2791
-3764
-4856
-5673
-6138
-6716
-7350
-7700
-8148
-8708
-9161
-9583
-9979
-10283
-10626
-10827
-10820
-10827
-10774
-10539
-10178
-9878
-9225
-8325
-7558
-6624
-5603
-4775
-3923
-3087
-2441
-2088
-2033
-2066
-2281
-2720
-3474
-4480
-5606
-7396
-8689
-8303
-8561
-8905
-7130
-6332
-6076
-3764
-1803
536
2940
4158
6759
9490
10630
13349
15436
15010
14973
14767
13947
13105
11904
10415
8684
6699
5036
4025
2904
1403
-21
-521
-934
-904
-294
173
733
766
466
608
435
-485
-809
-1832
-3281
-4369
-5648
-6838
-8202
-9757
-10850
-11964
-12852
-12311
-11328
-10279
-8761
-6701
-4508
-2275
484
3169
5348
7580
9866
11820
13566
14467
14837
14847
13925
12724
11724
10195
8293
6778
5290
4042
2738
1225
257
-559
-1517
-1698
-1437
-1365
-1182
-1018
-763
-679
-888
-1035
-1386
-2190
-2911
-3344
-3577
-3812
-4310
-4405
-4452
-4619
-3960
-2781
-1451
71
1399
3228
5423
7079
8784
10415
11340
11852
12502
13161
12965
12325
11458
10033
8482
6543
4853
3477
1214
-482
-1397
-2845
-3950
-4596
-5280
-5746
-6257
-6431
-6331
-6382
-6378
-6322
-6321
-6839
-7306
-7665
-8241
-8784
-9293
-9728
-9919
-10114
-10080
-9587
-9257
-8843
-7863
-6659
-5626
-4252
-2911
-1734
-537
124
739
1153
609
-61
-492
-1519
-3043
-4689
-6547
-8838
-10990
-13108
-14315
-13744
-14045
-13443
-10457
-9163
-7600
-3782
-1023
2026
4987
6968
10409
13078
14384
16858
17770
16372
15327
14545
12981
11088
9339
7440
5624
4177
3018
2547
1960
758
461
1016
1431
2304
3328
3824
4224
3840
2880
1979
451
-1585
-3242
-5436
-7784
-9616
-11350
-12870
-14045
-15026
-15598
-15464
-14497
-12266
-9503
-6779
-3774
-271
2961
5917
8913
11283
12875
14310
15574
16209
16315
15487
14022
12518
10459
8032
6260
4472
2644
1642
1012
609
158
-345
-289
-75
-255
-66
361
434
173
-303
-890
-2017
-3507
-4902
-6312
-7717
-8907
-9584
-9589
-9405
-8856
-7546
-6388
-4609
-1700
1057
3920
7140
9888
12389
14951
16888
17897
18364
18104
17278
16393
14770
12773
10904
8104
5404
3588
1030
-1108
-2205
-3502
-4317
-4420
-4691
-4635
-4317
-4143
-3966
-3846
-4120
-4363
-4507
-5006
-5693
-6527
-7765
-8948
-9782
-10557
-11015
-11269
-11196
-10705
-9661
-8463
-7030
-5465
-3746
-1985
-276
1325
2755
3640
4166
4595
4297
3306
1965
298
-1795
-3943
-6298
-8486
-10775
-13220
-15151
-16687
-18620
-20177
-21110
-19748
-17162
-15897
-12221
-7607
-6214
-2968
1688
4508
7801
9535
11151
14499
15185
15814
17975
16792
14514
13548
12780
11272
10070
9688
8790
8060
8061
7594
7974
7765
6441
6230
6089
5245
4960
4149
2903
1014
-2109
-5057
-7737
-10392
-13058
-15049
-17095
-18472
-18883
-18367
-17736
-16583
-15198
-13375
-10823
-7476
-3065
698
3746
6937
10195
12293
13851
15166
15797
15351
15162
14959
14329
13672
12232
10613
9422
7689
5919
5626
4961
4236
3946
3436
2954
2436
1370
471
-949
-3038
-4633
-5825
-6904
-8529
-10306
-11711
-13010
-13846
-13946
-13849
-13240
-12330
-10370
-7602
-4781
-1679
1141
3563
6916
10154
12664
15252
17113
18459
19201
19502
19469
18652
17144
15651
14006
12286
10129
8417
7059
4904
3119
1645
-187
-1420
-2113
-2961
-3704
-4782
-5745
-6291
-6784
-7606
-8453
-9273
-10177
-10616
-10304
-10093
-9947
-9827
-9476
-8509
-7491
-6235
-4699
-3341
-1923
-245
1243
2551
3467
4374
4805
4950
5092
4926
4637
4171
3304
2143
687
-937
-2244
-3730
-5373
-7147
-8982
-10982
-12599
-13895
-15877
-18043
-19651
-21400
-23058
-24197
-25504
-24275
-21458
-19895
-15964
-10901
-9011
-5540
237
4766
9659
13167
15955
20392
23078
24781
27702
27654
25033
23316
22353
20228
17713
15805
12904
10028
8297
5772
4274
2743
-101
-1496
-2316
-3854
-4483
-5027
-5966
-7265
-9817
-12186
-14271
-15679
-17136
-18330
-19312
-20313
-20191
-18419
-16689
-14550
-12259
-10167
-6785
-2551
2580
7423
11111
14527
18210
20991
22709
23843
24579
23626
22267
21338
19627
17858
15317
11918
9322
6149
2337
402
-1340
-3354
-5078
-6727
-7909
-8704
-9865
-10997
-12487
-14114
-15318
-15629
-15158
-15333
-15679
-15610
-15084
-13958
-12307
-10666
-8518
-6369
-3078
1113
5042
8927
12251
14826
17675
20411
22330
24135
25332
25865
25579
24902
23427
21321
18980
15974
12537
9533
6322
3592
1666
-942
-3535
-6104
-8763
-10206
-10772
-11824
-12534
-12806
-12981
-12795
-11732
-10890
-10657
-10312
-9603
-8535
-6753
-4995
-3421
-1838
-619
738
2120
3415
4749
5997
6860
7798
8427
9005
9402
9387
8654
7583
6345
4985
3930
2956
1402
-873
-3109
-5330
-7495
-9911
-12303
-14919
-17769
-19954
-21391
-23130
-24797
-26093
-27621
-28750
-29136
-29479
-29712
-29472
-26723
-20736
-15865
-10196
-2273
2630
6522
13997
20225
25027
28682
31324
32767
32634
32767
32616
32767
30482
25283
21727
17609
13041
9824
6097
1933
-360
-3286
-5593
-6422
-8971
-11234
-12315
-13707
-14250
-14475
-14938
-15977
-18544
-20776
-22496
-23132
-22941
-22977
-21856
-20540
-18439
-13649
-8731
-4302
876
5001
9351
14458
19916
25195
28493
30629
32053
32287
31485
29545
27227
23735
18519
14422
10864
7252
4214
50
-3688
-6663
-10395
-12504
-13258
-14539
-15775
-16886
-17261
-17138
-17639
-18161
-18942
-19768
-20174
-20164
-18525
-16660
-14911
-12208
-9169
-5447
-1103
2809
7272
11573
15611
20158
24027
27673
30289
31116
31297
30635
28910
26803
23771
20353
16384
12157
8627
4993
1505
-1822
-5336
-7867
-9768
-11182
-11381
-11599
-11866
-11849
-11950
-11747
-11244
-10834
-10395
-10045
-9537
-8921
-7573
-5761
-4304
-2663
-1303
-124
2171
4900
7427
9852
11486
12807
13914
14930
15755
15585
14503
12831
11091
9748
8084
5988
3672
695
-2129
-4818
-7224
-9001
-11178
-13280
-14856
-16400
-17466
-18153
-18998
-19632
-20605
-21626
-21804
-21570
-21217
-20718
-20282
-19981
-19293
-18053
-16811
-15688
-14590
-13923
-13103
-10730
-5570
363
5673
11914
17469
20557
24377
29012
31844
32767
32501
31963
31065
28778
26545
23657
17693
10600
4646
-303
-4882
-8624
-11422
-14464
-16279
-16748
-17169
-16504
-16091
-16865
-16903
-16521
-15871
-14262
-12778
-11568
-11334
-11823
-11824
-11324
-9814
-8086
-6329
-3709
-1083
3078
9026
13834
17714
20963
22758
24398
26220
27905
28253
26684
24510
21643
18389
14503
9671
4715
-791
-6292
-9794
-12319
-13966
-15088
-16601
-17415
-18113
-18691
-17902
-16890
-16066
-15305
-14643
-13019
-11044
-9360
-7852
-7086
-6493
-5393
-3260
111
3338
6439
9525
12555
16138
19512
21766
23090
23514
23635
23410
22834
21835
19435
16027
12326
8453
4640
537
-3432
-6670
-9794
-12107
-13334
-13962
-13947
-13742
-13553
-12935
-11813
-10003
-7796
-5391
-3244
-2218
-1125
775
2537
3890
4848
5499
6112
7066
9022
11006
11806
11966
12062
12331
12625
12769
12802
11904
10313
9050
7938
6487
4650
2594
390
-2137
-4237
-5452
-6470
-7372
-8353
-9442
-10486
-11330
-11523
-11126
-11037
-11267
-11384
-11013
-10272
-9464
-8587
-8143
-8130
-7661
-6500
-4911
-3500
-2563
-1698
-1049
-656
-271
-243
-876
-1941
-3167
-4413
-6059
-7724
-9521
-11899
-14240
-16511
-19239
-20760
-18692
-14615
-10322
-4795
811
4585
8502
13909
18121
20453
21095
21120
21393
20942
20095
18818
14871
8924
4047
26
-3749
-6541
-8053
-9433
-9752
-8565
-7555
-6125
-4498
-4016
-4060
-4194
-4856
-4705
-3885
-3275
-3581
-5250
-7359
-8524
-8365
-7551
-6760
-5687
-4359
-1326
4305
9621
13465
16413
17770
18215
19197
19737
19083
17132
14613
11712
8564
5057
1249
-2421
-6147
-10018
-12550
-13670
-13538
-11804
-10134
-9000
-8192
-7616
-6569
-5071
-4210
-4318
-5032
-5143
-4472
-3434
-2551
-2634
-3133
-2957
-1939
377
3068
5523
8231
10927
13899
16648
18226
18492
17644
16141
14333
12001
9665
7015
3834
688
-2403
-5320
-7775
-9810
-11027
-11839
-12189
-11473
-10032
-7730
-5280
-3671
-2574
-1585
-400
1286
2876
4039
4823
5762
7426
9314
10989
11793
11459
11062
10973
11190
11439
11032
9967
8338
6383
4587
2634
350
-1889
-3926
-5568
-6562
-6520
-5773
-4960
-4178
-3623
-3335
-2432
-930
578
1664
1964
1923
1827
1703
1598
970
-359
-1783
-2659
-2706
-2192
-1546
-1037
-772
-604
-399
-203
-125
-440
-1128
-2060
-3173
-4289
-5549
-7113
-8812
-10897
-13087
-14885
-16167
-17052
-17592
-18014
-18342
-18391
-18266
-17970
-17777
-17917
-18427
-18832
-18386
-14637
-7861
-1297
5536
11962
16389
19992
24703
28621
30628
30528
29198
27614
25994
24463
21726
16497
8834
1411
-4477
-9356
-13039
-15159
-17232
-18707
-18274
-17355
-15707
-14050
-12974
-12648
-13033
-12860
-11167
-8068
-4770
-3212
-3160
-3478
-2817
-157
2789
4753
6283
7786
11001
16540
21322
24289
24873
23445
21386
19150
17066
14426
10813
6766
1977
-2185
-5480
-8699
-11385
-14433
-17844
-19812
-19712
-17661
-14013
-11368
-9627
-8442
-7311
-5427
-3585
-2300
-2106
-2523
-1766
-54
2449
4975
6063
6613
7369
8596
10759
12839
14297
15486
16023
16650
16802
15749
13571
9947
5927
2089
-1776
-4695
-6967
-9058
-10677
-12001
-12694
-12610
-12120
-11307
-10687
-9844
-7909
-5378
-2368
343
1875
2662
3195
4004
4953
5562
5947
6162
6656
8248
10365
12140
13193
13134
12378
11390
10795
10450
9300
7251
4938
2504
482
-953
-2271
-3911
-5686
-6588
-6302
-5048
-2913
-589
1018
1861
2562
3389
4230
4738
4712
3791
2293
1278
790
462
-309
-1542
-2895
-3908
-3944
-3036
-1907
-1030
-563
-294
-52
276
377
-283
-1645
-3212
-4696
-5591
-6015
-6638
-7490
-8391
-9145
-9363
-9175
-8785
-8261
-7986
-7464
-6912
-6712
-6675
-6985
-8028
-9702
-11416
-12908
-14377
-15922
-17452
-19363
-21295
-22401
-21698
-17610
-10914
-3455
4287
11174
16946
21921
25981
28837
29503
27463
24433
20702
17260
14460
10426
5157
-1052
-6793
-10620
-12975
-13322
-12268
-11276
-9612
-7081
-4111
-644
1634
1911
360
-2697
-4556
-4930
-4731
-4505
-6104
-7860
-8198
-7053
-4089
-1412
514
2572
5214
9587
14668
18398
20322
19627
16739
13422
9986
6819
3481
-606
-4397
-7460
-8739
-8412
-7883
-7490
-7581
-7358
-5796
-2971
476
3212
4345
4517
4121
3366
2401
619
-1758
-4248
-6110
-6304
-5301
-3564
-1833
-360
1488
3536
5732
7674
8902
9498
9348
8766
7997
6575
4272
1136
-2472
-5408
-7317
-8268
-8314
-7925
-6590
-4305
-1363
2112
4981
6875
8040
8416
8655
8952
8541
7569
6008
3871
1875
156
-981
-1701
-2438
-2743
-2496
-1476
541
2631
4114
4564
4057
3429
2925
2522
2011
883
-391
-1123
-1270
-711
41
642
1225
1810
2882
4358
6003
7605
8385
8218
7411
6132
4823
3698
2410
760
-920
-2081
-2395
-2031
-1384
-984
-967
-912
-403
434
1071
1284
896
-34
-1076
-2143
-3445
-4910
-6310
-7474
-8118
-8047
-7289
-6274
-5090
-3782
-2750
-1861
-911
-178
168
170
-219
-807
-1578
-2564
-3770
-5290
-6911
-8199
-8930
-9232
-9208
-9105
-9214
-9143
-9036
-9287
-9824
-10850
-12092
-13458
-14825
-16311
-17936
-19685
-21284
-21102
-18076
-12351
-4537
3642
10654
17211
22394
27125
31089
32623
31850
28493
23993
20300
16408
11876
5984
-1581
-8173
-13574
-16363
-16921
-16663
-15395
-13747
-11724
-8087
-4198
-860
658
-483
-1904
-3066
-2810
-1656
-1702
-2619
-3798
-4479
-2820
-285
2475
5074
7066
10060
13796
17564
20425
21229
19588
16237
11931
7994
4061
196
-3784
-7700
-10324
-11674
-11827
-11322
-10809
-10047
-8552
-6406
-3096
213
2822
4234
4546
4403
3884
2703
1336
-168
-1199
-1239
-734
603
2103
3516
4960
6216
7409
8445
8943
9129
8570
7505
6072
4102
1927
-680
-3539
-5907
-7433
-7823
-7121
-6078
-4594
-2824
-852
1231
3073
4374
5063
5006
4412
3809
3174
2467
1475
230
-1092
-2076
-2430
-2063
-1172
-5
978
1749
2561
3401
4142
4272
3322
1720
243
-674
-841
-812
-822
-913
-836
-286
807
2136
3417
4466
5259
5907
6564
7086
7090
6374
4779
2729
940
-267
-861
-1082
-1306
-1346
-1120
-553
486
1411
1793
1862
1810
1716
1697
1352
516
-875
-2525
-4071
-5449
-6549
-7165
-7303
-6992
-6240
-5084
-3674
-2402
-1214
-227
410
864
1267
1534
1581
1446
1286
1010
490
-42
-880
-1876
-2612
-3139
-3391
-3581
-4016
-4465
-4919
-5540
-6004
-6755
-7848
-9040
-9971
-10396
-10628
-10836
-10855
-11302
-11645
-11734
-11934
-11847
-11807
-12061
-12314
-12775
-13166
-13431
-14117
-13706
-10947
-5585
1332
8762
15121
19956
23395
26487
28551
29159
28045
24218
19858
15559
12041
8253
2806
-3667
-9381
-14067
-16041
-16017
-15025
-13496
-12383
-10319
-7648
-4154
-814
390
-498
-1488
-1523
109
1783
2423
1986
582
629
2014
4110
6024
7357
8326
10085
12232
14640
15812
14960
12609
9172
5773
3114
836
-1610
-4067
-6241
-7242
-7399
-6647
-5936
-5458
-4792
-3505
-1635
642
2459
3427
3419
2680
1954
948
-142
-1197
-2081
-2405
-2031
-1326
-378
407
1181
1939
2428
3035
3665
4126
4246
3910
3049
2102
1081
193
-886
-1966
-2676
-2728
-1983
-795
495
1468
2098
2615
3244
3767
4100
3962
3159
1894
824
69
-498
-1102
-1921
-2816
-3282
-2818
-1691
-386
484
707
481
388
682
1280
1463
715
-402
-1356
-1668
-1154
-708
-531
-27
545
1658
3083
4231
5174
5481
5525
5631
5603
5695
5599
4640
3195
1711
771
356
256
435
306
66
154
387
848
1253
1368
1129
548
-14
-411
-885
-1432
-1964
-2557
-3085
-3479
-3584
-3581
-3541
-3283
-2951
-2386
-1559
-654
24
403
574
724
990
1417
1701
1740
1821
1890
1843
1660
1296
681
-94
-1012
-2016
-3093
-4010
-4754
-5477
-6213
-6747
-7338
-7923
-8380
-8766
-8705
-8424
-7813
-7263
-7001
-6982
-6838
-6865
-6947
-6623
-6288
-6011
-5837
-5374
-5051
-4758
-4523
-4817
-5500
-6195
-7139
-8407
-9709
-10595
-8734
-4767
-93
5793
10438
13319
16594
18405
19905
21252
19124
16203
12037
7981
6488
3708
299
-3298
-7768
-10105
-11679
-11834
-9943
-9105
-7173
-4869
-2972
1087
3634
4180
3931
2567
3001
4263
4864
5089
3777
2823
3079
3536
4246
4104
3229
2557
2051
2472
3331
3567
3286
1817
-195
-1732
-2858
-3582
-4324
-4890
-4335
-3219
-1492
194
908
1506
2001
2436
3198
3677
3846
3753
3139
3058
2915
2282
1556
418
-382
-553
-423
119
738
1636
2322
2193
1697
1012
450
50
-606
-1265
-1891
-2192
-1959
-1883
-2004
-2070
-2040
-1468
-616
417
1547
2318
2940
3387
3508
3773
3673
2808
1466
-141
-1098
-1055
-760
-505
-569
-1018
-743
25
803
1755
2020
1852
1831
1858
2277
2711
2706
2225
1730
1497
1534
1741
1682
1497
1400
1400
1554
1722
1653
1557
1263
930
838
889
1102
1073
1012
1112
1241
1624
2051
2205
2344
2506
2464
2383
2106
1935
1598
1094
469
-207
-850
-1353
-1638
-2026
-2496
-2871
-3034
-3086
-3003
-2787
-2681
-2556
-2295
-1907
-1386
-905
-464
-22
486
1038
1682
2089
1952
1703
1411
1143
831
520
-292
-1206
-1829
-2390
-2764
-3147
-3564
-4119
-4327
-4398
-4015
-3483
-3489
-3518
-3520
-3505
-3294
-3109
-3313
-3740
-3903
-4006
-4232
-4056
-4164
-4488
-4725
-5102
-5331
-5584
-6101
-7019
-7653
-8491
-8772
-9000
-9439
-9887
-10363
-10676
-11238
-10699
-8929
-5712
-1621
2854
6918
10008
12775
14939
16012
16395
14841
12054
9275
6293
4850
3327
690
-1570
-4024
-5780
-6241
-5830
-4820
-3852
-2796
-1225
234
2153
3544
3361
2648
1765
1486
1802
1771
1542
1356
1406
2107
2688
2929
2481
2245
2026
2143
2635
2858
2425
1524
371
-810
-1570
-1998
-2443
-2610
-2095
-850
1579
3904
6008
7484
8103
8290
8094
7354
6251
4846
3121
1294
-508
-1910
-3318
-4665
-5609
-6243
-5922
-4917
-3656
-2050
-471
598
1398
1726
1816
1869
1686
906
56
-491
-500
-55
28
52
-93
141
689
1534
2515
3231
3721
3864
3881
3902
3758
3329
2209
937
-1
-452
-488
-466
-367
-322
129
904
1722
2248
2445
2726
2723
2725
2599
2278
1591
727
27
-777
-1202
-1440
-1727
-1814
-1736
-1068
-485
-103
370
657
1259
1723
2242
2574
2776
2972
3151
3267
3263
3335
3043
2612
2438
2404
2387
2222
1785
1199
590
129
-350
-826
-1299
-1709
-2033
-2294
-2456
-2498
-2462
-2497
-2435
-2344
-2079
-1579
-1074
-588
-282
-162
-36
-86
-130
-198
-292
-352
-561
-844
-769
-680
-533
-408
-732
-850
-931
-858
-700
-872
-1231
-1632
-2021
-2376
-2563
-2935
-3352
-3862
-4172
-4234
-4149
-4055
-3947
-4028
-4362
-4271
-4287
-4443
-4588
-4691
-4954
-4931
-4884
-4970
-5010
-4877
-4864
-5109
-5294
-5489
-5595
-5887
-5812
-5615
-5117
-4855
-4459
-4097
-4268
-3949
-4020
-3728
-2929
-1733
358
1680
3388
5116
6047
6944
7218
6713
5712
4530
3425
2566
1582
802
-275
-1182
-1711
-1967
-1808
-1582
-1247
-270
496
1735
2943
3643
3948
3658
3585
3415
3363
3278
2741
2479
2352
2490
2746
2681
2344
1894
1579
1482
1743
1926
1795
1505
1100
813
626
413
-49
-451
-635
-525
-3
549
1036
1086
1322
1208
1315
1389
1204
1177
996
979
1055
1094
1074
1064
950
1011
1132
1584
1969
2262
2434
2413
2295
2159
1810
1521
1186
749
543
484
589
903
922
970
903
912
1111
1155
1152
982
721
339
-36
-425
-625
-1037
-1306
-1333
-1210
-696
-124
430
985
1515
2102
2672
3154
3143
3158
3057
2790
2595
2204
1711
1094
797
611
517
529
671
920
1125
1383
1652
1851
1726
1622
1392
1168
859
475
-16
-715
-1030
-1228
-1439
-1492
-1506
-1445
-1325
-963
-499
-21
302
405
481
538
659
725
627
327
111
92
116
242
505
544
496
413
223
247
203
37
-116
-606
-1013
-1352
-1663
-1844
-2080
-2290
-2544
-2726
-2676
-2579
-2336
-1915
-1790
-1930
-2038
-2289
-2376
-2230
-2127
-2057
-1902
-1956
-1929
-1659
-1477
-1156
-948
-1050
-1159
-1164
-1009
-866
-683
-854
-1431
-2084
-2665
-3088
-3546
-3832
-4225
-4609
-4793
-4941
-4747
-4215
-3873
-3417
-3196
-2877
-2658
-2412
-2318
-2985
-3279
-3618
-4563
-4811
-5501
-6145
-6449
-6493
-5564
-4393
-2906
-1230
122
1458
3237
4694
5939
6032
5732
5326
4317
4124
4013
3077
2191
1066
400
34
152
635
686
690
1035
1418
1986
2434
2317
2238
1783
1606
1769
1559
1306
1209
1132
1254
1325
1629
1585
1513
1731
1793
2079
2274
2048
1864
1545
1407
1650
1784
1803
1758
1902
2185
2570
3016
3115
3032
2780
2507
2198
1836
1506
958
534
206
-76
-76
-217
-175
-84
-35
297
424
639
795
796
716
383
181
-95
-339
-439
-556
-524
-308
-64
208
503
734
991
1229
1528
1722
1818
1917
1727
1620
1405
1160
862
537
412
344
398
511
641
720
673
745
738
641
672
578
552
599
609
673
566
358
310
256
279
235
247
270
209
479
721
814
792
683
604
687
935
1181
1219
1144
997
863
897
762
632
390
66
-76
-4
55
86
-29
-271
-525
-573
-609
-577
-553
-502
-347
-181
-92
-58
-193
-308
-317
-388
-386
-406
-387
-450
-327
-258
-366
-361
-462
-607
-577
-407
-279
-272
-330
-461
-507
-651
-1032
-1442
-1572
-1719
-1728
-1426
-1385
-1349
-1262
-1344
-1345
-1233
-1201
-1453
-1760
-1854
-1904
-1793
-1749
-1930
-2016
-2219
-2410
-2263
-1986
-1768
-1819
-2012
-2330
-2422
-2275
-2308
-2574
-3051
-3415
-3513
-3593
-3354
-3110
-3160
-3062
-3061
-2776
-2060
-1500
-1177
-1124
-1152
-1281
-1328
-1320
-1570
-1749
-1989
-2077
-1897
-1682
-1545
-968
-713
-304
201
362
382
499
521
473
334
-111
-365
-591
-958
-592
-345
-406
-33
-133
263
434
893
1410
1392
1445
1589
1602
1676
1642
1829
1510
1340
1535
1467
1722
2021
2205
2598
2488
2399
2645
2454
2612
2832
2695
2370
1945
1740
1515
1336
1259
840
435
168
206
385
477
580
636
637
661
835
1224
1367
1428
1360
1467
1549
1710
1968
1975
1930
2030
1979
1698
1469
1385
1217
1063
933
841
778
635
735
771
847
888
905
836
773
788
710
576
419
288
206
99
71
218
385
526
683
814
866
876
878
916
788
715
572
414
421
445
614
746
827
846
808
911
1128
1407
1526
1362
1305
1267
1214
1055
786
475
137
-137
-440
-646
-738
-835
-973
-1043
-946
-702
-383
-226
-91
73
216
310
228
77
-60
-78
-81
-62
-94
-73
0
103
176
395
703
833
778
627
563
457
260
-125
-507
-753
-942
-1300
-1503
-1543
-1404
-1347
-1272
-1086
-733
-453
-413
-331
-133
50
-151
-615
-945
-1009
-1050
-1470
-2004
-2283
-2234
-1994
-1819
-1597
-1385
-1186
-1095
-971
-665
-117
-126
-630
-1247
-1657
-1735
-1828
-2121
-2513
-2803
-2731
-2665
-2458
-2122
-1979
-1755
-1626
-1624
-1162
-1152
-1115
-1249
-1376
-1257
-1008
-755
-666
-695
-512
-477
-408
-264
-418
-538
-599
-991
-1301
-1631
-2010
-2177
-2660
-2840
-2981
-2897
-2806
-2912
-2648
-2119
-1593
-1242
-1074
-774
-418
57
110
184
168
292
361
371
504
540
427
193
106
342
490
331
335
383
693
862
781
618
678
714
904
937
1129
1132
875
759
667
969
1068
897
798
804
1161
1459
1553
1608
1324
1365
1472
1562
1794
1749
1602
1483
1470
1489
1403
1289
1211
1267
1397
1601
1845
1914
1727
1554
1559
1707
1883
1860
1688
1572
1610
1572
1452
1690
1703
1620
1345
1245
1456
1492
1354
1040
1076
1348
1372
1221
1081
1143
1298
1172
1008
974
1103
1110
858
750
705
604
410
298
307
457
659
802
836
997
1043
1124
1136
1068
1045
914
761
692
678
601
530
398
380
343
295
278
224
169
60
14
54
-58
-229
-492
-680
-858
-1050
-1235
-1288
-1076
-986
-1035
-1089
-803
-542
-503
-560
-554
-201
102
83
-37
-35
187
333
226
38
14
136
196
154
28
60
259
346
292
16
-180
-349
-546
-893
-1236
-1230
-1160
-1254
-1632
-1912
-1739
-1480
-1310
-1373
-1496
-1306
-1034
-1010
-1106
-893
-684
-613
-905
-1103
-799
-496
-437
-759
-772
-353
50
79
-91
-179
-53
-46
-330
-310
-303
-490
-847
-1267
-1343
-1391
-1504
-1717
-1770
-1900
-2194
-2300
-1934
-1536
-1480
-1651
-1740
-1321
-1053
-1143
-1150
-835
-444
-488
-817
-612
-37
280
178
280
778
1429
1311
880
843
1328
1487
951
588
752
1029
400
-220
-291
235
392
-293
-798
-815
-647
-594
-822
-928
-724
-787
-1169
-1317
-831
-197
-52
-307
-204
64
215
-8
-108
65
140
335
188
329
570
525
161
-150
68
392
359
-22
-218
-51
33
74
55
305
408
183
195
69
232
413
480
424
223
106
289
137
-106
-344
-285
46
203
181
120
258
673
630
448
487
955
1720
1859
1649
1662
1950
2226
2457
2353
2270
1982
1366
856
702
936
1250
1053
584
438
440
576
517
642
846
916
798
714
668
871
919
799
837
772
821
891
856
963
997
994
1065
1131
1222
1123
979
988
919
759
697
641
614
434
-120
-307
-261
-14
120
-27
-257
-297
-250
-280
-230
-182
-62
-89
-266
-227
-73
-69
-321
-536
-412
-143
-219
-517
-684
-815
-717
-654
-676
-677
-796
-870
-929
-906
-762
-544
-487
-383
-214
-191
-70
9
-29
19
77
102
208
58
-179
-301
-310
-149
11
-161
-433
-587
-463
-185
-307
-544
-549
-410
-273
-695
-1143
-1108
-835
-786
-940
-991
-840
-907
-1245
-1333
-796
-309
-177
-515
-689
-427
-196
-45
52
137
46
-324
-567
-188
368
605
653
633
914
1006
817
628
464
263
-194
-762
-691
-276
-278
-720
-1203
-1442
-1239
-1069
-928
-740
-895
-1294
-1460
-1239
-719
-362
-593
-833
-1032
-727
-462
-32
336
350
285
308
695
1101
1072
528
229
341
524
583
349
-13
-70
-165
-130
19
126
-4
-242
-519
-559
-305
-190
-346
-686
-778
-674
-512
-603
-725
-823
-684
-388
-268
-417
-516
-414
-281
-74
28
346
449
279
51
119
477
841
746
673
776
1048
998
657
495
699
845
543
118
-208
-135
-37
-224
-356
-254
-262
-388
-466
-330
91
255
-15
-161
-149
169
504
802
526
191
210
501
748
832
663
739
937
1034
1088
1443
1525
1438
1199
982
1339
1509
1263
801
521
663
793
649
491
602
680
414
73
11
290
293
115
39
125
387
206
-243
-209
222
515
236
-288
-562
-232
23
30
-86
-215
-86
-43
-62
-98
91
310
277
61
26
59
81
-27
-115
-146
143
184
-68
-379
-626
-537
-381
-453
-464
-374
-560
-755
-818
-736
-493
-485
-722
-695
-458
-148
-122
-206
-75
202
280
136
-165
-180
-58
-134
-280
-329
-261
-291
-602
-845
-741
-370
53
199
192
191
171
47
14
52
259
251
-82
-333
-382
-293
-298
-355
-248
-97
30
-64
-142
-75
-53
-109
-160
-182
-140
-328
-698
-939
-866
-582
-389
-348
-412
-661
-817
-786
-596
-211
107
-64
-354
-243
-75
28
-22
-57
79
212
130
-125
-330
-283
4
297
495
413
249
-49
-349
-219
160
455
538
289
-139
-352
-340
-254
-317
-423
-465
-473
-493
-558
-618
-607
-467
-280
-57
93
104
-47
-156
-39
347
594
609
374
196
153
209
202
169
315
525
618
447
327
275
338
415
344
278
197
-50
-351
-471
-334
-173
-171
-370
-543
-409
-128
80
203
236
216
310
389
404
420
340
281
249
310
493
503
418
185
72
217
334
367
390
337
339
350
201
88
37
-62
-61
-117
-184
-164
-199
-170
-75
154
297
257
198
161
145
162
125
83
68
118
133
38
-36
-38
60
71
57
38
30
45
41
-23
-74
-117
-93
-111
-65
-49
-104
-157
-270
-221
-187
-41
50
16
-85
-165
-48
55
96
35
-141
-225
-217
-65
81
144
104
-73
-175
-168
-88
-87
-239
-353
-302
-207
-97
-150
-198
-201
-138
-177
-227
-234
-213
-236
-218
-175
-62
-67
-194
-375
-390
-258
-229
-322
-490
-472
-424
-349
