-4
-5
-9
-4
-6
-2
-1
-5
-1
0
1
0
-5
-10
-6
-2
-6
-3
2
3
5
2
3
7
1
2
5
3
7
9
9
4
3
13
14
15
11
12
14
12
12
11
11
18
16
12
19
11
15
17
21
14
8
13
11
8
13
14
12
14
12
9
7
13
14
9
12
15
16
10
13
13
14
13
12
14
13
17
12
14
5
7
12
10
13
14
14
9
13
8
8
14
9
12
17
17
16
11
9
9
9
2
7
5
0
2
7
10
15
14
11
11
6
12
15
16
18
17
15
13
10
8
15
14
14
16
18
15
11
14
18
17
8
12
6
6
8
12
13
16
10
6
6
7
9
9
2
2
9
8
8
5
1
-1
5
11
4
7
5
4
7
8
8
3
4
3
5
10
15
17
22
20
18
18
17
23
31
39
46
49
39
36
44
54
62
67
62
88
112
137
122
138
121
172
177
775
1230
891
381
-107
232
841
956
1078
1222
1245
1107
395
-34
333
725
1015
752
544
696
535
247
-29
-133
311
474
937
1576
1730
1372
640
353
227
-2
100
967
1800
1823
786
-263
-500
-549
-784
-1106
-741
71
225
-625
-1518
-1759
-1378
-1259
-1453
-1439
-1069
-556
-452
-389
-73
419
438
27
-433
-579
-138
504
949
1036
790
92
-720
-1509
-1432
-1089
-690
-293
-555
-1249
-2273
-3078
-3420
-3464
-3102
-2795
-3152
-3477
-4294
-4997
-5282
-5367
-4602
-3866
-3720
-3340
-3128
-2574
-2136
-2408
-2462
-2174
-1059
439
1296
2148
2532
2579
2549
2442
2956
3905
4317
4346
4058
4319
4866
4841
4221
3273
2552
2311
2077
1850
1655
1393
993
289
-439
-944
-1476
-1997
-2548
-2683
-2434
-2092
-2083
-2405
-2745
-2801
-2634
-2318
-2037
-1695
-1402
-1006
-382
347
943
1234
1180
1200
1454
1898
2425
2861
3247
3562
3586
3435
3095
2791
2458
2173
2033
2072
2144
1973
1362
675
128
-262
-656
-1171
-1574
-1761
-1790
-1787
-1876
-2071
-2403
-2776
-3130
-3160
-2824
-2313
-1845
-1463
-1177
-859
-521
341
1040
1461
1750
1686
2293
3262
3992
4706
4993
5186
5215
4591
4182
4291
4646
5196
4969
4455
3953
3050
2274
1489
997
1061
1002
771
66
-819
-1334
-1618
-1695
-1911
-2276
-2372
-2331
-2245
-2196
-2135
-1974
-1811
-2009
-2257
-2282
-1948
-1438
-1070
-823
-667
-743
-1071
-1350
-1500
-1387
-1096
-1079
-1002
-1352
-2142
-2627
-3307
-3424
-3238
-3817
-4357
-5086
-5891
-5884
-6052
-6460
-6746
-7033
-6669
-4960
-2213
-1044
-2111
-4930
-7326
-6459
-2884
1589
4978
5493
3740
1086
-550
842
3714
6292
7084
5772
5031
5346
5996
6297
5436
4372
3551
2857
2556
2155
2093
2303
2173
2097
1368
-150
-2251
-4349
-4921
-3480
-1091
484
-132
-2409
-4629
-5466
-4567
-2831
-1389
-848
-1144
-1594
-1235
-89
1183
1872
1690
1188
1055
1456
2166
3126
4056
4884
5316
4898
3884
2462
1352
1284
2105
3413
4231
3580
1851
-45
-1178
-1253
-991
-1019
-1632
-2340
-2759
-2752
-2378
-2340
-2770
-3545
-4351
-4522
-4068
-3312
-2500
-1748
-1014
-347
-106
-540
-1289
-1575
-900
785
2679
3885
4051
3217
2240
1818
2101
2887
3464
3848
4718
5017
4411
3685
2763
2590
2572
2021
1906
2326
2918
2791
1704
857
611
409
81
-718
-1001
-219
443
765
512
-111
-555
-916
-911
-479
257
1165
1702
1801
1567
1257
1267
1486
1602
1709
1941
2181
2451
2266
1609
860
342
193
187
-67
-546
-1174
-1634
-1898
-2449
-3017
-3644
-4238
-4824
-5321
-5916
-6202
-6349
-6743
-7363
-7855
-8348
-8430
-8377
-8971
-9257
-9794
-9797
-9337
-8304
-5781
-918
1459
-60
-3907
-8516
-7498
-2272
3916
9310
10783
8989
5162
1013
1197
4783
8533
10707
8651
6250
6144
6680
7377
6219
4206
2734
1135
-122
-734
-1074
58
828
832
168
-1990
-4705
-7696
-9166
-7465
-3430
241
1341
-1005
-4487
-6400
-5680
-3074
-298
1054
1099
518
531
2056
3890
5169
5367
4304
3179
2677
2923
4196
5729
7024
7796
7058
5436
2966
324
-872
-321
1595
3496
3606
1506
-1252
-3440
-4043
-3717
-3458
-3612
-4295
-4699
-4632
-3990
-3044
-2707
-3153
-4123
-4903
-4724
-3753
-2441
-974
525
2020
2947
2589
1181
-167
-255
1359
4120
6434
7798
7748
6194
4541
3170
3154
4256
5219
5735
5655
5324
4855
3846
2489
1306
519
330
430
605
830
673
219
-317
-946
-1626
-2328
-2801
-2403
-1280
13
916
980
476
-410
-1040
-972
-51
1191
2177
2568
2466
2279
1930
1375
838
502
652
1032
1256
1158
612
-158
-1125
-2052
-2562
-2903
-3498
-4076
-4717
-5394
-5633
-5853
-6714
-7585
-8547
-9602
-9985
-10213
-10201
-10409
-10888
-11298
-11109
-9491
-5858
-1131
-500
-3088
-7126
-10185
-7220
-973
5293
9862
10545
8102
4060
802
2424
6451
10135
11849
9623
7704
7709
8093
8297
6953
5091
3808
2137
788
70
-274
758
1370
1192
126
-2412
-5420
-8357
-9501
-7477
-3367
13
491
-2180
-5648
-7294
-6111
-3182
-539
578
512
42
203
1832
3892
5394
5912
4866
3545
2771
2948
4486
6142
7713
8641
8047
6347
3479
547
-787
-111
1874
3828
3809
1610
-1166
-3448
-4203
-4026
-3852
-4171
-4993
-5514
-5555
-4869
-3745
-3037
-3209
-4172
-5210
-5394
-4751
-3395
-1613
419
2603
3937
3771
2059
400
919
3241
5795
7847
8398
7939
7082
5869
5092
5331
6336
6774
5725
4446
3884
3820
4077
3601
2122
787
-264
-925
-1103
-1315
-976
-658
-459
-522
-1600
-2818
-3482
-3241
-1912
-593
388
655
232
-437
-824
-534
315
1086
1475
1454
1256
1303
1559
1597
1281
917
293
-123
-412
-692
-974
-1409
-1894
-2513
-3354
-4257
-5033
-6102
-7148
-7909
-8422
-8797
-9247
-9940
-10932
-11367
-11843
-12397
-12263
-11998
-9263
-4335
-2300
-2667
-5459
-9259
-8393
-4269
1093
6190
8518
8709
6441
3255
3465
5809
9098
11574
10305
8471
7973
8490
9543
8986
7564
6098
4188
2367
816
-205
207
1045
1472
1296
-267
-2888
-5989
-8590
-9094
-6786
-3410
-1138
-1488
-3848
-5972
-6519
-5059
-2616
-1235
-848
-827
-747
596
2511
4237
5456
5275
4625
3745
3112
3816
4937
6526
7989
8389
8107
6616
3955
1519
101
311
1949
3315
3046
1217
-1202
-2957
-3808
-4046
-4188
-4786
-5508
-5907
-6022
-5473
-4363
-3463
-3256
-3783
-4602
-4950
-4402
-2922
-1014
1229
3356
4531
4447
3372
2594
3213
4800
6569
7729
8201
8457
8241
7394
6531
6054
6087
5959
5066
4031
3486
3523
3514
2806
1707
494
-657
-1489
-2192
-2354
-1868
-1248
-860
-1031
-1801
-2727
-3413
-3302
-2449
-1216
-277
26
-70
-303
-303
-72
187
453
657
903
1122
1318
1502
1357
933
496
72
-388
-918
-1442
-2048
-2554
-2830
-3146
-4036
-5327
-6886
-8363
-9076
-9523
-9707
-9499
-9990
-10870
-11636
-12728
-12989
-11989
-10830
-7360
-3694
-3234
-3411
-6219
-8303
-5573
-1659
3542
7403
7903
7725
5926
4068
5471
7387
10161
11821
10069
8742
7831
8034
9216
8608
7287
5808
3917
2431
925
-313
-12
539
978
839
-973
-3489
-6097
-7917
-7869
-5980
-3521
-1715
-2079
-4066
-5573
-5823
-4312
-1955
-711
-346
-465
-491
850
2564
4104
5365
5239
4936
4357
3673
4189
4703
5970
7434
7824
7568
5959
3577
1562
297
361
1472
2245
1949
397
-1875
-3338
-3886
-4071
-4430
-5129
-6013
-6097
-5540
-5052
-4251
-3813
-3609
-3496
-3758
-3564
-2925
-1674
283
1927
3207
4215
4287
4325
4288
4516
5618
6652
7627
7895
7541
7236
6875
6397
6035
5534
4904
4313
3318
2554
2326
2253
2112
1208
-105
-1099
-1662
-1985
-2142
-2251
-1916
-1396
-1331
-1655
-2343
-2661
-2491
-2010
-1350
-725
-193
110
158
60
166
277
446
666
749
1015
1170
1123
934
458
-127
-613
-1195
-1655
-2129
-2862
-3511
-4268
-4940
-5627
-6759
-7967
-9137
-10139
-10656
-11001
-11276
-11492
-11702
-11991
-12323
-11923
-9710
-5710
-3784
-3579
-5287
-7992
-6784
-3371
1341
5802
7471
8124
7150
4973
4802
5915
8223
11110
11066
10272
9393
8625
9011
8399
6954
5823
4787
3979
2888
1135
23
-102
34
563
81
-1568
-3941
-6562
-8015
-7484
-5432
-2930
-1588
-2226
-3813
-5091
-5306
-4021
-2363
-1125
-112
269
878
2172
3274
4228
4472
4312
4528
4466
4676
4910
4971
5780
6613
7195
7057
5557
3370
1135
-402
-500
462
1445
1544
187
-1749
-3357
-4509
-5209
-5704
-5960
-5979
-5302
-4699
-4279
-3992
-4107
-3817
-3571
-3189
-2380
-1529
-388
890
2276
3693
4703
5021
5135
5279
5796
6371
6708
6981
7231
7675
7797
7397
6539
5690
5009
4234
3456
2778
2523
2420
2111
1451
566
-260
-1022
-1623
-2144
-2373
-2330
-2019
-1807
-1743
-1749
-1969
-2212
-2408
-2259
-1778
-1202
-688
-362
-27
328
545
460
276
77
104
507
830
1073
881
412
-199
-996
-1603
-2201
-2718
-3195
-3692
-4177
-5204
-6247
-7332
-8553
-9356
-10120
-10762
-11221
-11697
-11809
-12114
-12131
-11637
-9723
-6173
-4605
-4665
-5886
-8046
-7325
-4264
8
4343
6409
7536
7291
5384
4978
5345
6828
9580
10264
10436
10557
9839
9787
9007
7209
5989
4999
4381
3875
2602
1566
993
656
691
349
-690
-2539
-4889
-6650
-6956
-5955
-4315
-2639
-2188
-2839
-3536
-4396
-4427
-3726
-3028
-1715
-560
555
2103
3235
4070
4045
3339
3302
3572
4268
5236
5549
5780
6011
6239
6528
5971
4696
3049
1249
226
-56
228
740
555
-298
-1535
-2781
-4001
-5117
-5952
-6504
-6266
-5458
-4208
-3023
-2905
-3188
-3631
-4111
-3628
-2545
-1063
780
2029
2937
3538
3720
4203
4878
5736
6406
6463
6389
6307
6282
6645
7119
7278
6954
6086
4878
3618
2570
2007
1944
2083
2205
1986
1253
73
-1343
-2279
-2576
-2466
-2048
-1704
-1593
-1552
-1691
-1922
-2104
-2218
-1977
-1457
-965
-639
-427
-82
356
668
852
780
516
348
262
286
347
312
208
24
-551
-1469
-2339
-3210
-4044
-4689
-5286
-5744
-6341
-7262
-8178
-9325
-10579
-11348
-12093
-12492
-12311
-12006
-11297
-9886
-7539
-5647
-5288
-5631
-6944
-7603
-5858
-2626
1320
4483
6450
7252
6752
6133
5618
5665
6912
7923
8906
10118
10573
10873
10463
8675
6782
5036
4050
3907
3592
3101
2380
1637
1088
606
143
-669
-2177
-3866
-5142
-5793
-5512
-4433
-3333
-2672
-2250
-2188
-2374
-2633
-3135
-3404
-3045
-2006
-152
1989
3930
4910
4499
3559
2633
2282
2850
3784
4695
5377
5815
6019
5840
5085
3924
2429
1079
201
-188
-9
138
-115
-755
-1678
-2555
-3272
-3867
-4495
-5116
-5560
-5399
-4800
-3910
-2844
-2050
-1690
-1673
-1688
-1477
-874
70
1056
2051
3083
4200
5421
6373
6534
6108
5367
4757
4706
5244
6051
6653
6871
6517
5704
4687
3573
2489
1549
891
733
1069
1513
1548
994
-40
-1269
-2141
-2478
-2566
-2426
-2201
-1986
-1715
-1433
-1188
-1105
-1241
-1541
-1880
-1969
-1638
-1069
-430
84
378
567
664
498
61
-621
-1351
-1761
-1781
-1580
-1256
-1362
-2021
-2948
-4182
-5317
-6212
-6955
-7576
-8261
-8814
-9214
-9745
-10250
-10615
-10865
-10527
-9144
-7232
-5732
-4861
-4883
-5780
-6196
-5654
-3834
-1078
1742
4139
5523
6257
6358
5756
5488
5064
4612
5516
6739
8196
9816
10131
9404
7915
5672
3952
2989
2654
2919
3147
3200
2996
2345
1604
622
-653
-1643
-2273
-2659
-2587
-2311
-2323
-2396
-2595
-2743
-2385
-1808
-1269
-787
-661
-664
-637
-491
57
627
1251
1927
2312
2762
3326
3761
3997
3816
3232
2630
2172
1981
2061
2177
2270
2128
1690
1138
513
-140
-797
-1555
-2327
-2772
-2881
-2701
-2367
-2189
-2211
-2355
-2491
-2492
-2443
-2152
-1708
-1317
-759
-2
732
1411
1846
1934
2040
2403
2972
3718
4341
4501
4332
3860
3375
3196
3289
3543
3733
3591
3294
2897
2396
1862
1277
709
353
212
346
532
460
152
-298
-816
-1235
-1355
-1258
-1063
-868
-711
-692
-752
-729
-664
-620
-544
-491
-425
-225
1
170
299
340
330
286
280
231
87
-85
-317
-610
-909
-1139
-1405
-1769
-2153
-2638
-3140
-3595
-4113
-4675
-5120
-5494
-5795
-6040
-6326
-6617
-6784
-6833
-6700
-6226
-5784
-5497
-5177
-4951
-4683
-4184
-3840
-3460
-2854
-2375
-1806
-957
-383
31
564
842
1090
1486
1820
2275
2825
3100
3195
3116
2903
2846
2916
3056
3204
3233
3319
3491
3546
3504
3316
2899
2591
2547
2630
2758
2813
2748
2612
2362
1978
1674
1539
1520
1613
1732
1841
1986
2135
2211
2055
1699
1374
1187
1194
1394
1580
1653
1587
1347
1029
708
405
143
-16
-95
-98
-138
-273
-441
-659
-910
-1260
-1718
-2039
-2044
-1852
-1589
-1429
-1337
-1267
-1146
-984
-887
-823
-611
-261
139
631
1028
1230
1338
1350
1251
1269
1476
1799
2195
2487
2539
2449
2306
2212
2138
2111
2103
2059
2005
2004
1963
1852
1653
1394
1186
1040
939
937
946
863
739
586
438
318
235
92
-93
-217
-274
-306
-273
-305
-442
-626
-846
-1044
-1120
-1118
-1139
-1209
-1319
-1479
-1713
-2051
-2449
-2868
-3204
-3442
-3701
-4029
-4411
-4838
-5237
-5649
-6130
-6517
-6792
-6900
-6665
-6095
-5676
-5410
-5255
-5312
-5364
-5209
-5166
-4898
-4184
-3494
-2688
-1663
-1023
-667
-250
-82
110
484
954
1623
2434
2963
3172
3090
2920
2906
3031
3219
3445
3608
3841
4249
4580
4802
4825
4378
3823
3481
3310
3394
3560
3571
3473
3195
2720
2253
1911
1765
1762
1777
1708
1645
1719
1939
1985
1690
1203
733
492
582
789
958
1074
1051
924
717
457
245
63
-58
-56
-51
-68
-122
-296
-536
-880
-1375
-1810
-1990
-1910
-1595
-1257
-1137
-1188
-1262
-1219
-1120
-1061
-1037
-923
-668
-305
52
347
576
658
576
543
701
1057
1601
2076
2299
2408
2403
2335
2336
2324
2354
2416
2429
2426
2410
2392
2337
2145
1918
1716
1527
1500
1518
1424
1294
1104
841
547
263
-6
-241
-432
-623
-770
-803
-809
-867
-1050
-1311
-1545
-1654
-1614
-1557
-1549
-1620
-1766
-1988
-2239
-2526
-2782
-2986
-3177
-3395
-3650
-3933
-4204
-4488
-4869
-5306
-5712
-6079
-6281
-6226
-5749
-5238
-5013
-4987
-5053
-5169
-5118
-5000
-4900
-4479
-3888
-3166
-2171
-1295
-946
-682
-564
-488
-207
203
776
1633
2368
2777
2880
2717
2653
2811
3045
3325
3568
3800
4281
4796
5201
5365
5018
4430
3988
3686
3564
3591
3611
3616
3568
3278
2854
2351
1932
1698
1585
1482
1444
1520
1682
1785
1591
1166
644
245
148
284
461
632
739
761
747
677
554
363
129
-34
-111
-183
-216
-228
-251
-331
-661
-1127
-1444
-1573
-1473
-1213
-1030
-966
-903
-852
-811
-811
-923
-1030
-972
-780
-455
-44
293
445
465
424
459
696
1046
1410
1748
1979
2123
2268
2402
2482
2460
2369
2298
2331
2481
2682
2788
2754
2619
2431
2250
2136
2024
1920
1787
1514
1185
860
549
288
12
-279
-586
-885
-1076
-1241
-1416
-1610
-1840
-2065
-2237
-2331
-2361
-2364
-2413
-2534
-2746
-2975
-3166
-3349
-3511
-3585
-3656
-3787
-3985
-4330
-4694
-5007
-5285
-5566
-5778
-5884
-5590
-5070
-4750
-4611
-4608
-4712
-4719
-4665
-4706
-4417
-4023
-3547
-2707
-1786
-1300
-958
-765
-763
-571
-368
-85
568
1377
1987
2332
2277
2103
2127
2329
2696
3067
3352
3746
4257
4783
5240
5304
4911
4514
4202
4040
4091
4189
4242
4255
4087
3746
3318
2846
2527
2331
2161
1955
1759
1722
1773
1644
1274
738
193
-119
-122
27
150
171
134
129
159
164
85
-130
-316
-410
-430
-361
-296
-226
-148
-218
-485
-769
-934
-907
-716
-453
-309
-233
-67
96
183
93
-150
-335
-314
-148
104
414
646
701
663
612
627
746
956
1187
1389
1561
1676
1729
1774
1781
1727
1680
1706
1795
2007
2252
2355
2384
2334
2235
2103
2002
1950
1885
1802
1656
1393
1102
824
552
293
3
-334
-654
-937
-1152
-1308
-1508
-1809
-2161
-2467
-2655
-2750
-2906
-3121
-3375
-3665
-3881
-4012
-4127
-4197
-4256
-4472
-4752
-5022
-5331
-5565
-5705
-5961
-6191
-6070
-5494
-4873
-4468
-4365
-4462
-4475
-4382
-4316
-4159
-3720
-3364
-2873
-1964
-1077
-634
-304
-187
-196
-32
111
321
902
1609
2012
2159
2065
1894
1894
2137
2466
2697
2977
3400
3857
4349
4637
4438
4047
3863
3790
3820
3908
3942
3954
3990
3953
3790
3507
3163
2884
2732
2599
2383
2175
2128
2187
2062
1732
1237
662
262
131
146
203
237
240
278
285
168
-75
-396
-609
-720
-746
-746
-753
-703
-593
-617
-780
-972
-1099
-1008
-721
-425
-265
-168
-79
77
198
199
150
130
137
213
392
673
947
1114
1170
1157
1106
1117
1250
1412
1545
1610
1588
1577
1643
1654
1595
1539
1516
1555
1708
1849
1917
1898
1827
1731
1644
1559
1473
1383
1298
1161
946
739
554
385
216
16
-280
-595
-846
-1038
-1190
-1343
-1628
-1952
-2232
-2467
-2662
-2856
-3101
-3367
-3598
-3824
-3974
-4111
-4260
-4448
-4707
-5034
-5371
-5644
-5810
-5920
-6105
-6181
-5779
-5138
-4773
-4502
-4337
-4327
-4214
-4140
-4172
-3792
-3295
-2932
-2088
-1067
-632
-426
-246
-237
-13
192
228
583
1249
1722
1948
1954
1826
1682
1676
1879
2119
2332
2672
3090
3550
4003
4054
3729
3498
3365
3255
3298
3468
3594
3685
3745
3631
3339
2950
2657
2577
2646
2624
2477
2404
2443
2352
2101
1691
1133
670
488
604
764
784
682
526
448
376
186
-100
-392
-580
-675
-685
-672
-682
-667
-715
-820
-979
-1117
-1079
-823
-522
-331
-194
-23
188
365
403
364
354
357
445
688
991
1198
1314
1362
1343
1336
1347
1381
1495
1595
1623
1573
1578
1640
1646
1543
1370
1223
1189
1314
1501
1610
1585
1478
1345
1259
1200
1118
1044
999
914
765
660
549
381
220
29
-181
-379
-585
-770
-891
-1042
-1298
-1581
-1846
-2034
-2188
-2409
-2684
-2961
-3271
-3554
-3739
-3901
-4058
-4263
-4509
-4790
-5102
-5415
-5630
-5825
-6049
-6095
-5735
-5299
-5027
-4828
-4703
-4534
-4387
-4414
-4446
-4102
-3764
-3334
-2464
-1677
-1300
-950
-708
-510
-193
-70
33
483
1086
1467
1704
1842
1857
1879
1948
2086
2258
2448
2736
3120
3616
3987
3947
3744
3675
3589
3508
3522
3595
3607
3660
3744
3758
3660
3378
3119
3028
2974
2842
2713
2694
2682
2509
2243
1890
1511
1226
1046
992
907
743
562
457
467
386
174
-101
-368
-593
-801
-920
-1005
-1114
-1197
-1226
-1216
-1300
-1406
-1415
-1345
-1216
-1073
-879
-587
-363
-221
-125
-29
70
149
291
513
769
985
1195
1427
1584
1681
1702
1676
1739
1819
1881
1956
2030
2093
2053
1973
1891
1796
1733
1719
1776
1772
1751
1724
1677
1582
1398
1194
1031
916
820
736
676
536
330
179
3
-186
-378
-579
-728
-854
-1022
-1222
-1421
-1621
-1820
-2010
-2218
-2456
-2706
-2986
-3244
-3475
-3669
-3844
-4085
-4380
-4767
-5196
-5545
-5755
-5913
-6120
-6180
-5865
-5553
-5357
-5151
-5085
-5098
-5004
-4971
-4887
-4371
-4009
-3618
-2677
-1925
-1632
-1247
-960
-761
-382
-124
105
621
1229
1600
1894
2140
2164
2095
2200
2432
2629
2884
3209
3542
3958
4224
4146
3974
3830
3644
3559
3646
3774
3715
3669
3747
3731
3597
3328
3047
2848
2732
2626
2590
2651
2609
2414
2200
1916
1540
1182
986
972
971
924
850
787
734
578
344
91
-165
-409
-575
-601
-667
-842
-1004
-1157
-1309
-1518
-1693
-1742
-1756
-1737
-1708
-1622
-1440
-1307
-1182
-1070
-1003
-971
-909
-742
-473
-195
48
361
632
861
1085
1231
1367
1519
1624
1786
1939
2039
2211
2341
2360
2318
2223
2178
2230
2345
2400
2408
2402
2291
2158
2046
1896
1713
1536
1354
1189
1091
997
831
667
434
114
-125
-279
-416
-533
-679
-856
-1053
-1240
-1364
-1468
-1585
-1735
-1899
-2032
-2118
-2227
-2323
-2445
-2631
-2805
-2944
-3063
-3209
-3405
-3678
-3974
-4271
-4494
-4646
-4783
-4810
-4650
-4636
-4579
-4417
-4370
-4281
-4225
-4313
-4316
-3990
-3825
-3471
-2771
-2333
-2071
-1642
-1408
-1227
-853
-678
-522
-138
296
583
942
1268
1338
1383
1544
1678
1809
2103
2401
2672
3050
3275
3272
3316
3287
3138
3099
3088
3117
3082
3116
3186
3144
3106
2961
2771
2632
2478
2321
2239
2247
2177
2044
1950
1754
1513
1290
1148
1059
956
892
859
911
1011
974
851
664
403
197
68
9
-92
-226
-305
-357
-376
-511
-703
-882
-1097
-1203
-1251
-1211
-1117
-1082
-1036
-999
-1027
-1063
-1076
-1032
-931
-771
-613
-394
-106
82
305
446
467
571
716
890
1102
1317
1499
1579
1629
1644
1563
1588
1680
1770
1928
2082
2142
2155
2164
2070
1924
1789
1620
1494
1408
1350
1257
1137
1003
755
471
255
23
-130
-196
-287
-376
-461
-552
-692
-838
-1002
-1172
-1265
-1302
-1283
-1242
-1240
-1281
-1391
-1507
-1662
-1798
-1910
-2043
-2160
-2261
-2376
-2508
-2707
-2981
-3283
-3566
-3732
-3863
-3988
-3901
-3749
-3658
-3499
-3435
-3431
-3465
-3475
-3608
-3531
-3350
-3254
-2760
-2258
-2031
-1809
-1588
-1570
-1369
-1130
-1029
-792
-468
-241
46
415
599
655
722
833
890
1060
1357
1569
1891
2238
2316
2346
2404
2275
2202
2224
2185
2193
2235
2343
2393
2394
2306
2123
1992
1925
1866
1833
1882
1867
1809
1836
1785
1705
1608
1438
1346
1288
1254
1276
1339
1401
1411
1372
1311
1160
987
830
676
595
535
476
417
340
214
52
-77
-242
-381
-492
-584
-607
-613
-613
-592
-609
-700
-817
-903
-930
-889
-811
-722
-572
-435
-339
-205
-157
-146
-144
-125
8
168
342
507
609
681
727
762
829
912
979
1054
1163
1241
1307
1367
1337
1273
1175
1074
1017
1010
1025
955
900
849
741
662
594
476
398
332
267
248
224
189
123
73
-5
-77
-114
-139
-170
-214
-220
-252
-297
-340
-443
-525
-589
-696
-809
-931
-1054
-1150
-1212
-1273
-1377
-1523
-1703
-1900
-2068
-2226
-2332
-2379
-2445
-2522
-2567
-2605
-2578
-2532
-2511
-2535
-2603
-2699
-2715
-2588
-2469
-2269
-2062
-1913
-1776
-1614
-1509
-1392
-1235
-1167
-1069
-898
-731
-589
-386
-240
-164
-109
-69
-22
83
267
413
556
699
745
767
837
850
809
812
805
831
937
1011
1087
1166
1204
1230
1267
1320
1363
1412
1455
1492
1536
1583
1634
1683
1727
1696
1665
1647
1627
1639
1679
1705
1727
1736
1679
1624
1549
1433
1301
1196
1095
995
936
875
803
723
630
525
416
315
214
140
90
30
-25
-72
-142
-221
-316
-408
-455
-467
-443
-386
-325
-277
-259
-250
-244
-229
-195
-139
-75
-17
44
107
168
203
225
256
301
377
462
528
585
617
645
675
699
707
703
690
704
720
740
779
812
835
844
842
829
829
823
824
823
810
788
764
723
667
586
493
411
336
296
254
209
147
59
-45
-151
-258
-366
-468
-572
-686
-792
-907
-1035
-1135
-1237
-1366
-1505
-1662
-1842
-1998
-2112
-2184
-2244
-2316
-2415
-2485
-2500
-2477
-2451
-2433
-2448
-2509
-2564
-2579
-2525
-2408
-2268
-2132
-1993
-1869
-1760
-1641
-1517
-1411
-1319
-1233
-1152
-1047
-928
-800
-689
-619
-602
-577
-498
-377
-227
-74
63
162
241
324
407
489
566
633
691
755
833
934
1049
1142
1205
1261
1328
1411
1506
1580
1640
1684
1718
1755
1783
1785
1760
1721
1696
1682
1674
1678
1681
1672
1634
1588
1542
1510
1467
1382
1274
1155
1048
968
910
845
757
626
500
411
335
274
221
164
112
64
4
-51
-105
-183
-258
-319
-361
-392
-431
-458
-467
-469
-448
-414
-398
-379
-375
-366
-343
-322
-301
-276
-253
-217
-167
-90
-6
62
133
207
281
364
453
540
616
678
712
756
816
868
909
938
950
960
985
1018
1053
1048
1027
1017
1004
1002
986
959
927
893
845
786
720
652
585
515
453
390
335
280
217
130
27
-75
-169
-257
-355
-457
-564
-676
-785
-892
-1012
-1137
-1261
-1359
-1454
-1571
-1700
-1831
-1971
-2093
-2178
-2242
-2294
-2352
-2388
-2399
-2374
-2336
-2302
-2310
-2358
-2417
-2435
-2367
-2251
-2112
-1972
-1859
-1771
-1684
-1586
-1458
-1350
-1264
-1177
-1097
-975
-820
-652
-516
-418
-387
-372
-317
-219
-78
81
222
338
459
562
647
717
768
799
841
894
969
1054
1159
1243
1304
1333
1343
1365
1393
1432
1459
1506
1558
1606
1647
1650
1610
1548
1471
1405
1361
1334
1329
1331
1316
1275
1212
1153
1105
1040
974
895
829
773
731
707
651
568
451
323
219
150
112
90
62
26
-16
-74
-134
-200
-264
-327
-381
-433
-461
-460
-443
-423
-432
-448
-457
-449
-420
-378
-327
-262
-187
-101
-41
9
45
70
117
172
245
327
416
499
570
640
708
763
797
825
857
897
949
1003
1052
1085
1084
1078
1075
1069
1064
1060
1062
1056
1060
1054
1047
1037
992
940
890
828
781
727
669
602
521
441
366
278
173
74
3
-57
-127
-205
-306
-420
-544
-663
-786
-911
-1018
-1132
-1252
-1373
-1486
-1588
-1674
-1765
-1869
-2003
-2134
-2261
-2369
-2428
-2468
-2494
-2519
-2527
-2526
-2493
-2444
-2397
-2351
-2309
-2277
-2242
-2173
-2076
-1951
-1821
-1684
-1551
-1440
-1331
-1220
-1116
-1021
-920
-812
-693
-565
-440
-327
-245
-187
-134
-86
-10
85
190
293
388
467
541
636
734
818
878
923
974
1040
1116
1193
1256
1310
1346
1379
1417
1460
1503
1545
1587
1610
1613
1622
1651
1673
1673
1643
1593
1541
1481
1426
1371
1306
1236
1173
1119
1068
1018
946
849
748
647
565
499
438
362
278
190
111
47
-23
-97
-166
-220
-261
-278
-281
-274
-283
-315
-348
-394
-440
-459
-468
-465
-450
-435
-413
-400
-394
-376
-353
-321
-283
-238
-184
-119
-47
17
82
159
220
274
314
359
403
486
552
625
679
763
830
907
954
1000
1044
1118
1179
1376
2804
2906
2145
1974
1848
1553
1312
1370
1523
1731
1624
1557
1470
1400
1330
1182
942
736
448
240
31
-170
-411
-565
-616
-723
-770
-795
-951
-973
-680
-933
-1267
-1484
-1860
-2117
-2322
-2520
-2557
-2641
-2885
-3134
-3457
-3702
-4061
-4504
-4819
-4811
-4359
-3541
-2884
-2544
-2734
-3279
-3865
-4346
-4439
-4265
-3727
-2973
-1929
-793
135
438
-37
-950
-1928
-2324
-1770
-463
1207
2673
3479
3563
2967
1975
1163
833
1097
1914
3116
4430
5455
5771
5115
3740
2174
1160
1130
2112
3507
4520
4743
4152
3060
1733
579
-64
-210
56
628
1291
1655
1312
135
-1406
-2622
-3094
-2735
-1833
-937
-570
-980
-1940
-2910
-3563
-3666
-3248
-2633
-2158
-1802
-1585
-1548
-1767
-2284
-2788
-2825
-2155
-1038
75
669
512
-247
-921
-999
-223
1123
2371
3205
3432
3293
3036
2919
2993
3152
3534
4294
5340
6202
6389
5708
4533
3577
3381
3933
4806
5441
5420
4769
3859
3086
2614
2375
2225
2104
2089
2095
1926
1379
574
-209
-686
-773
-585
-437
-583
-1104
-1886
-2596
-3005
-2996
-2728
-2408
-2334
-2590
-3111
-3742
-4219
-4359
-4106
-3604
-3062
-2771
-2865
-3317
-3896
-4407
-4726
-4722
-4479
-4064
-3746
-3804
-4411
-5392
-6490
-7264
-7718
-7858
-8044
-8349
-8564
-6269
-2634
-849
-1279
-4504
-8275
-10750
-9397
-4867
275
3505
3810
2409
1248
779
250
-2
611
2035
4112
6842
8871
9018
7526
5459
4435
4933
6012
7157
7470
6636
5713
5114
5682
7257
8298
7808
5696
3210
1087
514
1111
2040
2309
1885
1827
2103
1872
250
-2671
-5422
-6625
-5799
-3105
-369
448
-1053
-3906
-5887
-6217
-5713
-5081
-4468
-4123
-4191
-3675
-2677
-1780
-1678
-2500
-3354
-3581
-3107
-1981
-959
-428
-515
-690
56
1707
3063
2948
1727
14
-974
-297
1911
4430
5448
4988
4007
3283
3246
3638
3885
3702
3396
3318
4245
5988
7204
6765
5000
3071
2165
2547
3618
4344
4045
3434
3328
3795
4256
3852
2092
-166
-1558
-1168
683
2646
3325
2405
642
-858
-1518
-1520
-1238
-1102
-1078
-768
-205
323
391
-344
-1568
-2603
-2907
-2361
-1539
-883
-694
-1089
-1554
-1743
-1590
-1456
-1701
-2502
-3206
-3247
-2698
-1929
-1439
-1646
-2569
-3870
-4888
-5244
-5232
-5209
-5350
-5849
-6560
-7482
-8372
-9264
-10283
-10483
-7048
-3083
-1855
-3250
-7283
-10801
-12027
-8994
-3353
1473
2989
1218
-1269
-1780
-596
822
2064
3361
4224
4938
6183
6890
6763
6630
7007
8469
9608
9020
7519
5449
4629
5924
8217
10518
11589
10201
6748
3409
1478
1520
3142
4516
4957
3573
1527
431
-63
-286
-983
-2622
-3748
-4339
-4534
-3980
-3425
-3521
-4104
-4684
-4560
-4380
-5690
-7202
-7521
-6841
-5060
-2964
-1728
-1508
-2628
-4296
-4862
-4332
-3068
-1614
-606
208
224
-3
599
1653
2153
2219
2000
1453
1409
1806
2952
4291
4842
5117
5103
4815
4427
3708
3200
3488
4176
4936
5820
6362
6133
5026
3677
2816
2856
3365
4068
4100
3486
2926
2416
2600
2999
2582
1407
-16
-833
-460
633
1546
1638
856
-112
-784
-1170
-1064
-1034
-1230
-1015
-535
-26
382
51
-785
-1584
-1932
-1476
-797
-402
-307
-715
-1107
-1044
-775
-516
-705
-1638
-2657
-2869
-2216
-1218
-892
-1417
-2412
-3703
-4573
-4694
-4784
-4768
-5182
-5820
-6165
-6749
-7851
-9248
-10835
-11818
-11842
-8402
-3223
-1816
-3764
-8192
-11918
-12777
-9450
-3612
710
1594
-443
-2496
-1858
585
2454
2950
3148
3591
3960
5165
6567
7075
7721
8898
10505
11315
9413
6454
4049
3954
6787
10243
12280
12107
9593
5513
2642
2044
2850
4174
4347
3413
1588
-219
-424
39
125
-648
-2950
-5080
-6385
-6970
-6443
-5138
-3940
-3623
-3942
-4821
-6056
-8252
-9613
-8375
-6133
-3940
-2572
-2495
-2979
-3584
-4049
-3571
-2479
-1608
-1048
-712
-10
445
870
2225
3988
4759
4268
3165
1624
1101
2066
4106
6330
7121
6759
5671
4389
3881
3837
4124
4587
4660
4311
4540
5170
5378
4908
3978
2940
2275
1990
1924
1642
1276
1624
2177
2998
3243
1697
-860
-2789
-3002
-1378
851
2035
1607
161
-1147
-1558
-1389
-868
-692
-1076
-975
-246
401
747
497
-148
-549
-574
-295
-193
-415
-488
-300
151
812
987
313
-821
-2066
-2746
-2349
-1437
-595
-676
-1537
-2428
-3413
-4342
-4765
-5041
-5367
-5726
-6197
-6343
-6778
-7729
-9209
-10533
-11465
-12004
-12608
-10634
-5460
-3180
-3983
-7027
-10698
-12285
-10443
-5610
-717
1490
717
-670
-598
1402
3177
3360
3851
4877
5406
6573
7891
8345
9073
10104
11563
12562
10594
7669
5652
5265
7666
10396
11782
11873
9774
6062
3359
2308
2522
3170
3152
2577
877
-1409
-1960
-1487
-1258
-1573
-3946
-6308
-7703
-8646
-8078
-6600
-5144
-4638
-4993
-5814
-6696
-8397
-9640
-8321
-6348
-4241
-2636
-2217
-2222
-2527
-2769
-2118
-959
-144
401
665
1350
1998
2503
4232
6114
6624
5852
4435
2973
2668
3678
5431
7197
7475
6869
5985
4900
4289
3538
3184
3582
3446
2954
2839
2774
2820
2791
2367
1753
766
-272
-972
-1560
-1570
-490
647
1810
1952
212
-2040
-3668
-3755
-2064
184
1598
1583
485
-342
-436
-222
459
660
319
565
1162
1807
2343
2460
2330
2138
1881
1731
1337
832
891
1247
1940
2671
2503
1485
61
-1284
-1889
-1538
-799
-361
-898
-1824
-2640
-3419
-3741
-3872
-4454
-5059
-5580
-6012
-6217
-6546
-7029
-7735
-8419
-8870
-9410
-10442
-11676
-13034
-14046
-14086
-9578
-3203
-746
-2483
-7590
-12548
-13783
-9589
-2613
3149
4905
3344
1730
2138
4108
4902
4505
5488
7174
8714
10492
10806
10004
10222
11456
13939
14404
11046
6913
3857
4060
7649
10881
12436
11578
7773
3124
173
-1173
-856
-135
180
-174
-2155
-3962
-4296
-4626
-4695
-5608
-7698
-8916
-10131
-10608
-9844
-8264
-6375
-4910
-4180
-4501
-6088
-8844
-9589
-7510
-4565
-1179
866
1695
1825
1440
1151
1222
1593
2398
3503
4878
6119
6277
6474
7622
8819
9109
8150
5930
3687
3020
3984
6014
7508
7490
6649
4967
3337
1887
224
-422
-362
-294
16
194
61
-218
-815
-1125
-1777
-2938
-3806
-4374
-4544
-3404
-1458
425
2186
1898
-72
-2488
-4035
-3290
-867
2170
4437
4684
3855
3032
2277
2177
2644
2681
2920
3532
4340
5077
5110
4802
4369
3612
3034
2234
1111
527
491
930
1749
2070
1439
-84
-2135
-3880
-4822
-4711
-3721
-2981
-2989
-3477
-4453
-5502
-6028
-6182
-6276
-6444
-6778
-6821
-6541
-6288
-6268
-6762
-7251
-7411
-7686
-8204
-9169
-10284
-11060
-11507
-11777
-11547
-6200
870
3541
1170
-4650
-10814
-12444
-7524
902
8063
9722
7657
5485
4854
6156
6040
5065
6511
8715
10451
11917
11207
9272
8691
9567
12540
12756
8925
4349
321
-305
3014
6216
8922
9075
5180
-236
-4587
-7057
-6688
-5095
-3193
-2547
-4513
-6055
-6037
-6385
-6430
-7552
-9215
-9331
-9447
-8593
-7252
-6016
-4451
-2537
-542
546
-806
-4082
-5275
-3910
-687
3784
6873
8315
8083
6793
5503
4381
4128
5134
6476
7954
8590
7900
7608
8089
8118
7346
5438
2846
962
483
1097
1811
1588
1461
1558
788
-751
-3395
-6270
-7265
-6554
-5035
-3461
-3101
-3560
-4121
-4078
-3115
-2556
-2905
-3617
-4338
-3887
-1574
1452
4069
5785
5605
4274
2405
1329
2013
3762
6225
8379
9443
9572
8638
6658
4902
3969
3846
4494
5525
6064
5588
4455
3470
2616
1595
478
-934
-2343
-3060
-3143
-2741
-2222
-2017
-2441
-3537
-5036
-6597
-7666
-7653
-6651
-5253
-3959
-3076
-3118
-3847
-4571
-5118
-5256
-4717
-3672
-2496
-1714
-1454
-1696
-2208
-2503
-2879
-3344
-4123
-5210
-6269
-6794
-7137
-7535
-8541
-10231
-12245
-9771
-1274
4052
2664
-3157
-11086
-15358
-11462
-3560
4712
7954
6093
4378
3244
3771
3979
1169
1602
5511
8884
11830
11895
8468
6240
5725
8617
12114
10112
6364
2255
-990
995
4065
6891
9725
7822
3088
-1664
-5588
-6642
-5864
-4336
-2164
-2395
-3362
-2728
-3319
-4936
-6840
-9577
-9279
-7332
-5550
-3849
-4065
-4192
-2994
-1054
1635
1907
-1008
-3247
-3013
-957
2522
5505
7201
7944
7478
6569
5210
3547
3027
3266
4431
6228
6408
6234
6360
5744
4319
2104
48
-1038
-1317
-929
-634
-1230
-2047
-1771
-1548
-1730
-2961
-5321
-6540
-6422
-5638
-4552
-3872
-3280
-2673
-1917
-951
-885
-1684
-1823
-948
602
2454
4471
6240
7326
7269
6498
5675
5370
6265
7517
8570
9025
8423
7579
7024
6737
6312
5368
4033
2467
1767
1941
2106
1870
1156
240
-789
-1994
-3088
-4290
-5045
-4880
-4141
-3133
-2409
-2693
-3860
-5105
-5796
-5789
-5080
-3863
-2504
-1810
-1486
-1314
-1637
-1682
-1318
-852
-286
155
512
700
784
735
110
-444
-804
-1369
-2097
-3218
-4851
-6484
-7640
-8326
-8891
-10058
-11847
-14153
-16513
-18033
-14131
-4989
480
-34
-5032
-12524
-16885
-13884
-7174
1352
6450
7311
8057
7399
7696
6262
2465
3875
8338
11894
15357
15920
13728
11407
9749
11891
13839
11561
8863
5402
2144
1964
2224
4164
7400
6246
3024
-1261
-5923
-8792
-10694
-10034
-8430
-8560
-7479
-5302
-4615
-6183
-9540
-12884
-13261
-11408
-8148
-4922
-3401
-3115
-2392
-405
2277
3024
1577
1204
1897
3326
5380
7685
9530
10385
11238
11459
10552
8700
6803
5791
5239
5199
5212
5928
7222
7075
4981
1496
-2387
-4772
-5316
-4648
-4262
-5354
-6373
-6252
-5825
-5459
-6160
-7699
-8760
-8859
-8200
-7288
-6596
-5621
-4004
-1639
1172
2910
2657
1436
689
1021
3349
6939
10198
12423
13399
12781
11105
9483
8920
9021
8953
9476
9732
9566
9125
7765
5793
3492
1424
-240
-1176
-1685
-2402
-3079
-3297
-3254
-3761
-4665
-5699
-6838
-7642
-7661
-7110
-6228
-4804
-3359
-2379
-1948
-2184
-2780
-2883
-2198
-914
389
1573
2795
3381
3948
4334
4041
3584
3185
3095
3202
3130
2821
2191
1283
424
-551
-1836
-3582
-5759
-7821
-9403
-10802
-12178
-13468
-14546
-15961
-17658
-19362
-21331
-22981
-19999
-10558
-2332
-354
-3378
-9585
-14854
-13852
-7139
2002
9351
12407
14408
15771
15896
14260
9650
8725
11926
15675
20064
22226
20312
16014
12177
12036
12407
10432
7889
4639
472
-2438
-3798
-3204
-1539
-2057
-4366
-7388
-10970
-14242
-16607
-17060
-16737
-17485
-15545
-11005
-7175
-6010
-7894
-10436
-11868
-11260
-7402
-2573
957
2852
4419
7524
10786
11383
10289
9563
9813
11101
12764
14908
15893
14663
13757
13697
12881
11204
8907
6736
4044
857
-1300
-1777
-1448
-1687
-3086
-5364
-8130
-10806
-12607
-13386
-14563
-15946
-15422
-12959
-9913
-8066
-7800
-8115
-8693
-8099
-5911
-3696
-2031
-509
1582
4975
8231
10421
11483
10692
10159
9990
10611
12205
13396
13822
14182
13969
12981
11825
10171
7988
5654
3378
2185
1745
1181
477
-863
-2602
-4486
-6455
-7585
-8273
-9136
-9243
-8574
-7339
-6124
-5432
-4932
-4795
-4863
-4370
-3295
-1979
-606
758
2335
4004
5182
5760
5946
5767
5482
5451
5829
6391
6614
6493
6373
5824
4923
3995
2696
1229
-502
-2149
-3239
-4396
-5444
-6193
-7286
-8610
-10314
-12004
-13575
-15300
-16370
-16610
-16858
-17236
-17984
-18679
-19029
-19573
-19511
-15326
-5870
3082
6597
5251
1031
-3674
-4821
117
8950
16010
19520
22194
24160
24372
20612
14009
10393
10415
12229
15029
17270
16424
11485
6061
3864
2276
-1251
-4348
-6779
-9564
-12182
-13804
-13087
-12298
-12766
-12996
-13001
-13051
-13853
-15135
-15204
-15062
-15430
-13166
-7306
-630
3381
4646
4660
3697
2566
3889
7072
9744
11643
14242
17887
20372
19716
16958
13841
11472
10346
10408
10889
10082
7542
4892
3132
1193
-1195
-3213
-5034
-7738
-11111
-13617
-14656
-14937
-14684
-13983
-13434
-13103
-12568
-11754
-11304
-11777
-12433
-11414
-7955
-3184
1159
4041
5607
6525
7578
9229
10745
11240
11166
11869
13899
16090
17230
16918
15248
13128
11364
9957
8474
6771
5149
3599
2248
1241
306
-1112
-3324
-5761
-7880
-9150
-9544
-9402
-9042
-8707
-8373
-7910
-7125
-6008
-5201
-4931
-4649
-3641
-1895
251
2327
3964
5206
6124
6998
7699
7991
7825
7524
7640
8253
8943
9171
8565
7339
5941
4610
3335
1956
257
-1379
-2379
-2845
-3314
-4097
-5099
-6300
-7677
-8996
-9961
-10610
-10800
-10499
-9862
-9119
-8590
-8453
-8641
-8914
-8889
-8556
-8083
-7359
-6785
-6435
-6271
-6582
-7219
-8019
-8765
-9213
-6227
1739
10097
14243
13049
8309
2623
-1126
-491
3551
7817
10982
14479
17135
17922
14249
7036
1434
-1335
-1894
-677
1256
2514
1640
-11
-757
-2329
-5660
-8834
-10506
-11232
-11525
-11041
-8873
-6640
-5350
-4546
-3879
-2719
-1935
-1769
-985
-1141
-2214
-2146
641
5206
8532
10474
11490
11233
10107
8898
7415
5507
3893
4255
6875
9347
9784
8121
5439
2982
474
-1606
-3319
-4848
-5906
-6019
-5494
-5726
-6486
-6990
-7210
-7578
-8282
-8994
-8943
-8327
-7322
-6029
-4934
-3789
-1811
523
2956
3639
3470
3902
3623
4558
5825
6557
7444
8888
10832
12231
11933
10185
7254
4681
3541
3278
3350
3123
2609
1910
844
-511
-2033
-3490
-4595
-5248
-5200
-4725
-4296
-3852
-3624
-3587
-3508
-3030
-1704
-344
303
519
740
1173
2056
3125
4051
4757
5293
5887
6458
6498
5707
4718
4207
4163
4476
4753
4782
4295
3499
2555
1506
430
-746
-1694
-1970
-1843
-1694
-1751
-2229
-2997
-3901
-4523
-4761
-4808
-4660
-4228
-3726
-3335
-3073
-2869
-2663
-2410
-2215
-2035
-1962
-2002
-2012
-2007
-2153
-2479
-2786
-2935
-3180
-3962
-5168
-6417
-7556
-8629
-9563
-10403
-11483
-13037
-14587
-15699
-12324
-3512
4866
8839
7096
2675
-1698
-3762
-1961
1901
4752
6890
11970
17333
20512
18727
11904
6730
3579
1595
2574
3136
3082
2881
2917
4251
3489
-664
-5267
-9290
-11358
-11985
-10994
-8003
-6216
-6241
-6372
-6595
-5577
-3930
-2858
-1139
-1207
-2245
-2008
-373
2231
3960
5082
6913
9081
11603
12751
11665
8338
4596
3341
4521
6048
6659
5703
4745
4756
4118
2742
20
-3627
-6527
-7997
-7832
-7376
-7171
-6714
-6642
-6317
-6283
-6580
-6172
-5822
-5797
-5532
-5228
-3771
-1269
1057
3137
4315
4999
5818
6746
7552
7347
6370
5913
6394
8106
9502
9210
7682
5568
4094
3568
3054
1826
-231
-1913
-2956
-3568
-4067
-4774
-5224
-5250
-4704
-3908
-3166
-2596
-2180
-2198
-2234
-1360
47
1742
3326
4518
5302
5447
5736
5975
6129
5850
4986
4720
4667
4769
5129
4751
3844
2758
1758
1269
1050
655
-24
-684
-966
-1008
-785
-859
-1524
-2033
-2159
-1840
-1371
-1440
-2066
-2698
-2840
-2479
-1885
-1270
-916
-677
-640
-841
-888
-925
-1062
-984
-828
-453
-252
-524
-1035
-1799
-2755
-3856
-4623
-4960
-5211
-5602
-6299
-6990
-7810
-9059
-10140
-10826
-11637
-12653
-13771
-14559
-15240
-15642
-10955
-1933
6697
10548
9446
7320
4048
2442
3199
5393
6915
8339
13153
18739
21783
19528
13675
9353
5098
1042
-301
-1990
-3616
-3775
-3145
-1661
-1940
-5190
-8873
-11944
-13892
-14656
-12893
-10150
-8354
-7522
-7073
-6270
-3499
-717
2085
5029
5765
5554
6014
6946
7928
7714
7554
8440
10594
13369
14532
13484
10032
5973
3879
2903
1295
-876
-3737
-4818
-4322
-3682
-3186
-4349
-6550
-8468
-9972
-10619
-11272
-11132
-10025
-8281
-6133
-4203
-2122
-91
1025
1862
2317
2761
4348
5952
7375
8131
7852
7846
8660
10032
10786
10128
8751
6849
5512
4644
3043
1007
-1416
-3449
-3622
-3291
-3213
-3944
-5375
-6683
-7964
-8747
-9184
-9133
-7858
-6038
-3964
-2107
-788
1084
2640
3830
5203
6366
7879
9083
10306
10620
9637
9119
8713
8948
8592
7306
6150
4372
3080
2211
950
-395
-2160
-3350
-3582
-3565
-3143
-2894
-2837
-2958
-2895
-2304
-1945
-1616
-1342
-1158
-363
315
946
1306
1027
790
578
707
1049
1014
939
520
108
3
-83
147
-92
-687
-1006
-1208
-1323
-1598
-1941
-2464
-3211
-3665
-3959
-4563
-5634
-6658
-7327
-7756
-8285
-8602
-8754
-9113
-9512
-9802
-10005
-10535
-11469
-12426
-13388
-14070
-11417
-3546
5652
12003
12792
11256
8834
6355
5727
5832
6177
5792
7975
13197
16860
17056
13203
8148
4430
189
-2662
-4257
-6866
-7843
-7468
-6451
-5068
-6009
-8019
-9614
-10506
-9999
-8222
-5308
-3267
-2543
-2573
-2590
-1156
1574
4338
7514
9425
9902
10557
11110
10762
8777
5528
3327
2743
4337
6243
6801
5425
2799
1035
299
-1679
-4648
-7919
-10184
-9837
-8067
-5605
-4004
-4008
-4127
-4174
-3753
-3289
-3161
-2518
-1876
-1029
251
1992
4129
5657
6190
6385
6305
6726
7178
7057
6298
4341
2368
1622
1772
2188
1615
538
-349
-751
-527
-805
-2224
-4561
-6880
-7370
-6272
-4922
-3778
-3373
-2732
-1707
-579
425
734
893
1238
2066
3623
4909
5842
6460
6573
6562
6608
6932
7311
7201
6498
5288
4010
2988
1960
942
-278
-1485
-1903
-1860
-1511
-1107
-1307
-1975
-2763
-3121
-2902
-2328
-1793
-1285
-489
639
2006
3100
3414
3062
2635
2488
2822
3145
2988
2375
1721
1499
1415
1327
1111
625
122
-467
-987
-1509
-2160
-2857
-3407
-3582
-3455
-3158
-2936
-2901
-3176
-3580
-3961
-4179
-4422
-4626
-4674
-4463
-4050
-3806
-3636
-3537
-3631
-4091
-4607
-4933
-5056
-5237
-5711
-6111
-6805
-7920
-9299
-10709
-11999
-13185
-11897
-5588
3084
10150
11967
10658
8060
4954
3586
2908
2602
2324
3779
8818
13964
15826
13698
8954
4980
1320
-1830
-3820
-6256
-6970
-6283
-5331
-3365
-3243
-5083
-7202
-8938
-8694
-7185
-4772
-2069
-379
-242
-1197
-1246
262
2275
4673
6479
7721
9232
10222
10451
9265
6130
2601
117
548
2587
3698
3380
2319
1853
1723
193
-2127
-4984
-8038
-8862
-7534
-4901
-2810
-2313
-2015
-1980
-2122
-2311
-2266
-1083
119
996
1928
2826
3936
4374
4004
3688
3329
3633
4821
6236
6713
5097
2740
970
-59
-544
-1499
-2415
-2825
-2449
-887
500
580
-891
-3247
-4568
-4395
-3447
-2241
-1578
-852
128
1103
2006
2377
2543
2492
2639
3432
4231
4713
4580
3872
3322
2660
2178
2057
2152
2374
2146
1956
1746
1402
737
-538
-1325
-1712
-1771
-1223
-466
342
527
316
364
293
399
527
531
877
1117
1529
2093
2202
2022
1649
1461
1586
1829
1941
1688
1463
1070
560
266
-62
-203
-236
-199
147
392
256
-159
-758
-1186
-1678
-2082
-2291
-2466
-2514
-2487
-2268
-1976
-2072
-2473
-2861
-3051
-3257
-3432
-3518
-3391
-3230
-3083
-2906
-2890
-3069
-3586
-4204
-4821
-5495
-6100
-6712
-7233
-7724
-8264
-8935
-9751
-10372
-10968
-11195
-11386
-9119
-2450
5583
11934
12755
11597
9215
6816
6210
5229
4625
3831
4533
8899
12826
14004
11610
6915
3678
397
-2596
-4172
-6282
-6896
-7621
-8557
-7676
-7927
-8398
-8441
-7962
-5446
-2712
191
2731
3337
1903
-234
-686
1036
3391
5612
7331
8666
10106
11101
11624
10414
6714
1995
-1304
-1508
-456
-156
-771
-1612
-2032
-2026
-2457
-3134
-4453
-6216
-6260
-5557
-4174
-3298
-3316
-2829
-2428
-1707
-545
1213
3632
5133
5414
5148
4995
5243
5001
3992
2755
1447
1338
2481
3927
4576
3160
1054
-579
-1344
-1609
-2432
-3244
-3863
-3779
-2651
-1294
-403
-666
-1674
-1751
-797
483
1541
1619
1556
1151
733
825
1060
1477
1488
1609
2185
2708
3099
2842
1716
126
-1646
-2632
-2510
-2057
-1375
-1160
-986
-766
-634
-721
-1158
-1234
-934
-124
1135
2471
3286
3360
3189
3129
3376
3754
4089
4236
4061
3694
3183
2732
1947
945
-8
-397
-205
4
123
120
-46
-309
-609
-763
-709
-650
-542
-213
190
559
584
353
-24
-385
-655
-801
-951
-1235
-1596
-1788
-1710
-1562
-1516
-1655
-1672
-1486
-1246
-909
-704
-601
-803
-982
-1101
-1243
-1338
-1493
-1499
-1446
-1409
-1525
-1907
-2423
-3151
-3998
-4808
-5394
-5845
-6274
-6463
-6461
-6405
-6439
-6615
-6879
-7502
-8323
-9171
-10088
-10831
-10174
-5945
1184
8287
12162
13001
12114
10185
8737
7132
4950
2604
1264
2792
5621
7344
6633
4067
1813
141
-1529
-2930
-4250
-5519
-6707
-7804
-7789
-7411
-7224
-6559
-5395
-3022
200
3629
7061
9013
8654
6756
4946
4216
4325
4436
4603
4883
5412
6336
7182
7110
5055
1532
-1506
-2861
-2973
-3316
-4405
-5427
-5816
-5162
-3698
-2506
-1752
-1435
-917
211
1461
2408
2610
2243
1660
1092
892
1426
2622
3509
3467
3016
2808
2798
2436
1170
-743
-2612
-3784
-3689
-3034
-2649
-2939
-3485
-3364
-2393
-1207
-321
47
139
368
910
1805
2383
2077
1239
664
1046
2117
3215
3751
3489
2691
1660
796
26
-815
-1847
-2750
-2959
-2460
-1714
-1204
-1171
-1464
-1706
-1487
-688
108
405
343
385
857
1425
1639
1542
1477
1626
2044
2626
3248
3462
3251
2828
2380
1880
1182
532
-154
-646
-725
-466
13
237
200
29
92
516
860
1152
1243
1342
1504
1761
2107
2344
2419
2309
2181
2121
2103
1983
1583
1027
384
-172
-631
-1108
-1636
-2096
-2240
-1988
-1615
-1364
-1326
-1302
-1167
-1022
-789
-599
-506
-525
-584
-532
-445
-291
-271
-430
-700
-939
-1085
-1240
-1580
-2082
-2613
-2964
-3012
-2959
-2929
-3049
-3097
-2983
-2821
-2786
-3035
-3457
-4076
-4616
-5288
-5887
-6348
-6724
-6944
-7187
-7088
-6702
-6132
-5618
-5025
-4510
-3151
97
4883
9190
11124
11547
10897
9867
8897
7334
5548
3600
2518
2740
3230
2967
1383
-609
-2317
-3710
-4944
-5633
-6153
-6504
-6617
-6540
-5754
-4853
-3846
-2906
-1882
10
2358
5070
7539
8896
9039
8325
7402
6777
6189
5458
4492
3397
2641
2019
1520
707
-834
-2608
-3886
-4117
-3952
-4139
-4617
-5012
-4950
-4260
-3499
-2731
-1852
-872
519
1925
3227
4197
4576
4517
3960
3133
2417
2198
2273
2042
1338
602
289
236
11
-687
-1731
-2690
-3013
-2860
-2661
-2688
-3005
-3035
-2597
-1675
-653
108
768
1434
2321
3293
3978
4047
3477
2597
1927
1549
1378
1186
763
390
49
-259
-660
-1226
-1761
-2259
-2549
-2590
-2501
-2286
-2079
-1866
-1536
-1034
-275
607
1334
2050
2575
2953
3139
3068
2867
2250
1722
1402
1341
1497
1503
1387
1070
650
270
9
-113
-348
-599
-393
146
575
709
714
846
1076
1488
2015
2325
2330
2077
1821
1611
1382
1129
962
900
795
663
591
522
240
-262
-727
-761
-453
-107
101
206
310
393
498
571
534
407
324
424
574
681
602
368
60
-318
-644
-817
-856
-953
-1129
-1279
-1336
-1408
-1578
-1803
-2006
-2106
-2064
-1852
-1489
-1176
-957
-940
-1001
-1097
-1184
-1235
-1385
-1563
-1771
-1783
-1681
-1711
-2074
-2725
-3258
-3542
-3582
-3603
-3683
-3944
-4172
-4358
-4405
-4303
-4167
-3946
-3620
-3081
-2341
-1610
-972
-447
57
971
2109
3449
4573
5367
5546
4742
3728
2338
756
-503
-1499
-1862
-1977
-1857
-1493
-1323
-1349
-1706
-2038
-2161
-2229
-2165
-1792
-1324
-730
-83
523
1298
1964
2797
3566
4234
4916
5228
5318
4913
3962
2770
1623
825
270
-135
-447
-693
-787
-748
-778
-847
-977
-1099
-1186
-1269
-1197
-1101
-937
-653
-369
24
545
1118
1714
2170
2459
2617
2624
2502
2136
1543
857
237
-157
-402
-445
-350
-231
-32
62
20
-178
-466
-676
-859
-973
-956
-881
-702
-416
-152
65
227
502
913
1257
1499
1515
1342
1115
825
467
46
-352
-529
-492
-223
31
96
103
86
68
-24
-190
-306
-354
-228
47
301
523
659
816
1024
1210
1400
1529
1613
1669
1650
1472
1182
816
485
439
653
978
1178
1413
1608
1510
1361
1173
864
476
141
64
-36
-108
-139
-110
100
286
465
586
667
757
723
671
683
689
667
699
920
1165
1215
1237
1287
1286
1159
1001
905
714
505
321
148
-32
-297
-522
-662
-693
-706
-787
-877
-964
-1035
-1100
-1176
-1218
-1337
-1450
-1538
-1592
-1513
-1484
-1441
-1399
-1353
-1244
-1152
-1082
-1062
-1223
-1259
-1227
-1203
-1262
-1501
-1723
-2088
-2338
-2625
-2813
-3101
-3456
-3684
-3729
-3584
-3476
-3257
-3203
-3289
-3395
-3366
-3259
-3298
-3156
-2975
-2703
-2193
-1716
-1338
-1114
-882
-563
-267
143
659
1405
2033
2378
2839
3325
3584
3085
2495
1727
888
401
71
-36
-315
-489
-402
-271
-132
-210
-222
-17
115
291
490
721
914
1050
1087
1303
1671
2226
2685
2898
3164
3085
3008
2692
2202
1545
812
285
-57
-204
-315
-446
-451
-473
-547
-580
-576
-585
-600
-621
-448
-229
92
367
490
657
818
1036
1181
1335
1426
1408
1349
1235
1103
853
522
235
-44
-240
-316
-267
-262
-348
-503
-539
-484
-368
-197
-130
-26
54
226
345
352
346
352
454
613
800
940
1000
974
939
911
815
667
471
250
65
-25
-23
-25
-129
-222
-230
-207
-120
-38
13
67
99
163
184
145
91
49
46
67
151
267
354
350
274
120
14
28
79
138
157
283
421
588
847
963
997
964
1118
1338
1414
1450
1368
1228
1086
946
878
777
656
603
617
789
820
740
555
328
210
40
-19
-14
45
94
110
268
368
382
377
356
288
181
152
213
251
197
15
-198
-284
-361
-418
-524
-611
-673
-755
-728
-692
-696
-786
-884
-839
-736
-683
-706
-756
-832
-919
-966
-949
-961
-1023
-1073
-1167
-1287
-1324
-1334
-1413
-1600
-1798
-1961
-2133
-2234
-2265
-2390
-2482
-2540
-2474
-2490
-2576
-2606
-2679
-2597
-2563
-2403
-2338
-2282
-2260
-2421
-2625
-2737
-2668
-2689
-2676
-2607
-2475
-2332
-2021
-1546
-1176
-743
40
1360
2879
3989
4214
4058
3588
2765
2031
1220
622
201
57
131
75
188
237
330
426
417
696
997
1157
1114
882
737
721
751
774
735
972
1665
2136
2414
2406
2332
2081
1711
1278
589
18
-397
-616
-678
-689
-508
-182
145
447
637
775
906
896
825
702
595
616
597
498
365
456
638
794
929
973
1127
1171
1002
704
117
-421
-783
-1062
-1292
-1508
-1406
-1079
-740
-462
-303
-217
-153
-85
11
71
126
188
187
220
326
554
773
915
1071
1263
1484
1566
1399
1038
577
207
-80
-318
-505
-710
-794
-868
-953
-994
-929
-753
-609
-495
-279
101
499
793
934
1206
1353
1522
1756
1781
1663
1445
1353
1256
1157
1046
927
901
923
886
867
818
791
788
687
651
662
732
684
571
584
601
606
629
651
538
309
172
-27
-263
-406
-492
-492
-491
-473
-393
-303
-235
-299
-457
-536
-531
-467
-418
-343
-205
-81
18
16
10
4
-143
-277
-435
-588
-719
-899
-1057
-1317
-1591
-1733
-1761
-1676
-1713
-1704
-1703
-1723
-1721
-1871
-1860
-2023
-2127
-1974
-1854
-1639
-1540
-1469
-1475
-1521
-1477
-1547
-1607
-1720
-1978
-2047
-2076
-2070
-1959
-1956
-1873
-1786
-1629
-1543
-1656
-1615
-1715
-1826
-1795
-1640
-1340
-1004
-449
229
1194
2186
2920
3164
3094
2952
2447
1938
1207
586
259
18
-138
-370
-338
-198
34
322
389
545
662
652
570
414
333
343
451
639
893
1250
1753
2159
2451
2602
2602
2441
2252
1975
1500
1041
620
245
-39
-332
-471
-438
-359
-237
-155
-2
149
235
221
138
92
110
188
236
234
382
568
739
831
833
927
962
845
602
243
-17
-199
-409
-545
-788
-805
-639
-573
-488
-419
-323
-219
-124
-15
53
147
205
216
254
232
307
392
479
596
724
947
1004
936
759
507
294
128
20
-122
-258
-307
-349
-376
-350
-257
-117
-20
49
203
379
590
731
811
903
831
988
1085
1107
1030
997
963
898
990
958
927
948
1013
999
1030
956
944
832
680
562
506
531
494
505
490
510
534
512
399
158
-56
-190
-378
-501
-617
-735
-767
-737
-712
-655
-561
-498
-516
-524
-441
-330
-167
-85
-11
102
184
274
246
278
194
118
98
-64
-156
-345
-552
-762
-924
-1106
-1287
-1384
-1564
-1684
-1670
-1655
-1497
-1349
-1244
-1168
-1194
-1169
-1241
-1265
-1289
-1291
-1187
-1148
-1034
-938
-808
-710
-777
-826
-925
-1036
-1084
-1104
-1230
-1252
-1276
-1308
-1394
-1576
-1580
-1693
-1707
-1746
-1684
-1563
-1619
-1448
-1470
-1509
-1486
-1540
-1456
-1490
-1337
-1108
-843
-382
229
916
1465
1827
1980
1986
1678
1348
1000
631
293
72
-9
-158
-170
-111
15
162
335
636
819
815
810
822
835
764
734
768
789
879
1114
1422
1628
1692
1804
1779
1676
1558
1257
951
615
423
252
69
-36
-22
34
51
85
218
344
393
426
465
533
563
606
604
562
522
604
737
858
966
1100
1237
1263
1220
1059
859
616
409
264
83
-35
-112
-164
-236
-361
-367
-370
-354
-324
-312
-353
-398
-440
-471
-478
-406
-241
-100
52
212
365
444
451
434
408
433
468
403
301
175
110
80
7
-40
13
94
304
518
659
716
635
641
492
364
335
217
161
88
107
75
105
192
192
308
366
450
528
476
481
452
366
345
323
357
366
450
580
640
710
750
808
791
735
704
585
493
411
256
195
126
50
-49
-119
-143
-181
-181
-218
-325
-392
-496
-569
-657
-775
-809
-845
-713
-599
-546
-469
-423
-427
-463
-485
-549
-637
-620
-569
-540
-432
-381
-380
-454
-504
-496
-499
-462
-456
-469
-481
-439
-465
-541
-623
-730
-750
-749
-727
-711
-672
-758
-787
-831
-873
-901
-1091
-1190
-1330
-1371
-1351
-1252
-1284
-1341
-1239
-1239
-1143
-1020
-949
-958
-888
-850
-856
-849
-927
-917
-877
-804
-777
-738
-773
-858
-921
-980
-995
-1049
-1033
-990
-915
-773
-558
-311
-114
60
210
421
605
804
883
898
923
831
841
791
805
835
862
866
812
902
929
887
780
740
759
815
840
849
920
944
988
1068
1134
1113
1045
1024
1057
1160
1243
1306
1311
1231
1113
939
790
681
576
443
